   1   1   1  25   0  10  39   0   0  10   0
   2   2   1   0  19  27 113   0   0  27   0
   3   2   2  25   0  14  82   0   0  14   0
   4   6   1   0  22  23  39   0   0  22   0
   5   6   2  21  36  10 210   5  32  36   0
   6   6   3  15  50  12 520  47 184  50   0
   7   6   4   1  27   9  87   0   0  27   0
   8   6   5   0   5   5   5   0   0   5   0
   9   7   1   0  28   1  60   0   0  28   0
  10   7   2   4  21   9  61   0   0  21   0
  11   7   3  41  40  15 356  40 242  40   0
  12   7   4   2  50  14 520  43  81  50   0
  13   7   5   1  27   9  87   0   0  27   0
  14   7   6   0   5   5   5   0   0   5   0
  15   8   1   0  48  40 529  16  64  48   0
  16   8   2   0  50  20 595  45 311  50   0
  17   8   3   6  50   9 554  50 342  50   0
  18   8   4   1  44  16 435  43 227  44   0
  19   8   5  15  50   6 524  19  24  50   0
  20   8   6   1  27   9  88   0   0  27   0
  21   9   1   0  12  13  19   0   0  12   0
  22   9   2   0  22  23  24   0   0  22   0
  23   9   3   0  41  41  78   0   0  41   0
  24   9   4   4  29  29  47   0   0  29   0
  25   9   5   0  20  20  37   0   0  20   0
  26   9   6   0  10  10   9   0   0  10   0
  27  10   1   0  15   1  71   0   0  41   0
  28  10   2   0  50  10 592   2  14  50   0
  29  10   3   3  38  13 319   0   0  38   0
  30  10   4   2  50  13 577   0   0  50   0
  31  10   5  23  50   9 534   0   0  50   0
  32  10   6   0  50  50 343   0   0  50   0
  33  11   1   0  10  10   8   0   0  10   0
  34  11   2   0  15   0 181   0   0  35   0
  35  11   3   0  36  36 307   0   0  36   0
  36  11   4   3  16  16  15   0   0  16   0
  37  11   5   0  17  17  20   0   0  17   0
  38  11   6   4  17  17  17   0   0  17   0
  39  12   1   0  21  21  23   0   0  21   0
  40  12   2   2  26  21 102   0   0  26   0
  41  12   3   0  50  50 529   0   0  50   0
  42  12   4   0  50  50 589   0   0  50   0
  43  12   5   3  50  50 547   0   0  50   0
  44  12   6   0  21  21  54   0   0  21   0
  45  13   1   0  19  19  16   3  25  19   0
  46  13   2   0  18  18  41   3  14  18   0
  47  13   3   0  27  21 104   0   0  27   0
  48  13   4   0  50  50 529   0   0  50   0
  49  13   5   0  50  50 588  17 238  50   0
  50  13   6   0  19  19  41   0   0  19   0
  51  14   1   0  21  21  36   0   0  21   0
  52  14   2   8  40  10 293  23  86  40   0
  53  14   3   5  50  55 480  31  54  50   0
  54  14   4   2  25  20  90   0   0  25   0
  55  14   5   0  50   9 531   0   0  50   0
  56  14   6   0  50  50 596   0   0  50   0
  57  15   1   0   9   0  12   0   0   9   0
  58  15   2   0  10   0  18   0   0  10   0
  59  15   3   0  16   1  26   0   0  16   0
  60  15   4   0  19  25  27   0   0  19   0
  61  15   5   0  25  19  90   0   0  25   0
  62  15   6   0  14  14  41   0   0  14   0
  63  16   1   0  17  18  12   0   0  17   0
  64  16   2  60  50  16 592  13  16  50   0
  65  16   3   0  14  16  32   0   0  14   0
  66  16   4   1  13   2  22   0   0  13   0
  67  16   5  22  44  14 404   0   0  44   0
  68  16   6   1  18  17  57   0   0  18   0
  69  16   7   0  14  13  39   0   0  14   0
  70  17   1   0  18   0  20   0   0  18   0
  71  17   2   0  18   0  32   0   0  18   0
  72  17   3   0  14   0  33   0   0  14   0
  73  17   4   0  16   0  43   0   0  16   0
  74  17   5   0  13   0  20   0   0  13   0
  75  17   6   0  25   0  70   0   0  35   0
  76  18   1   0   0   0  41   0   0  31   0
  77  18   2   0  16  16  36   0   0  16   0
  78  18   3   0  13  13  21   0   0  13   0
  79  18   4   0  11  11  22   0   0  11   0
  80  18   5   3  40  40 328   0   0  40   0
  81  18   6   0  42  42 388   0   0  42   0
  82  18   7   1  47  47 483  14  14  47   0
  83  18   8   0  15  14  40   0   0  15   0
  84  19   1   0  17   0  12   0   0  17   0
  85  19   2   0  19   0  63   0   0  19   0
  86  19   3   0  17   0  43   0   0  17   0
  87  19   4   0  13   0  28   0   0  13   0
  88  19   5   0  17   0  42   0   0  17   0
  89  19   6   3   6   0   4   0   0   6   0
  90  20   1   0  15  15  23   0   0  15   0
  91  20   2   0  28  27 126  14  32  28   0
  92  20   3   0  15  15  41   0   0  15   0
  93  20   4   0  50  48 176   0   0  50   0
  94  20   5   0  50  50  70   0   0  50   0
  95  20   6   0   7   7   6   0   0   7   0
  96  22   1   0  11   0   3   0   0  11   0
  97  22   2   0  50   0 495   0   0  50   0
  98  22   3   0  50   0 479   0   0  50   0
  99  22   4   0  12   0  18   0   0  12   0
 100  22   5   0   5   0   4   0   0   5   0
 101  23   1   0  11   0   0   0   0  11   0
 102  23   2   0  14   0   0   0   0  14   0
 103  23   3   0  12   0   0   0   0  12   0
 104  23   4   0  13   0  36   0   0  13   0
 105  23   5   0   7   0   7   0   0   7   0
 106  24   1   0  12   0   6   0   0  12   0
 107  24   2   0  50   0 280   0   0  50   0
 108  24   3   0  50   0 423   0   0  50   0
 109  24   4   0  50   0 486   0   0  50   0
 110  24   5   0  13   0  36   0   0  13   0
 111  24   6   0  50   0 532  35 394  50   0
 112  25   1   0   9   0   4   0   0   9   0
 113  25   2   0  50   0 242   0   0  50   0
 114  25   3   0  50   0 312   0   0  50   0
 115  25   4   0  50   0 466  20  33  50   0
 116  25   5   0  50   0 508  25  25  50   0
 117  25   6   0  13   0  35   0   0  13   0
 118  26   1   0  11   0   5   0   0  11   0
 119  26   2 253  50   7 364   0   0  50   0
 120  26   3 351  50  24 193   0   0  50   0
 121  26   4 351  45  22 225   0   0  45   0
 122  26   5   0  50  87 408   0   0  50   0
 123  26   6   0  50  53 377  10  10  50   0
 124  26   7   0  22  25  66   0   0  22   0
 125  26   8   0  42  46 290   0   0  42   0
 126  27   1   0  14   0   7   0   0  14   0
 127  27   2   0  50   0 429   0   0  50   0
 128  27   3   0  50   0 448   0   0  50   0
 129  27   4   0  41   0  70   0   0  41   0
 130  27   5   0  45   0 253   0   0  45   0
 131  27   6   0  43   0 317   0   0  43   0
 132  27   7   0  34   0 246   0   0  34   0
 133  28   1   0  42   0 164   0   0  42   0
 134  28   2   0  50   0 375   0   0  50   0
 135  28   3   0  40   0 281   0   0  40   0
 136  28   4   0  50   0 428   0   0  50   0
 137  28   5   0  41   0  67   0   0  41   0
 138  28   6   0  45   0 253   0   0  45   0
 139  28   7   0  43   0 317   0   0  43   0
 140  28   8   0  34   0 157   0   0  34   0
 141  29   1   0  13   0  20   0   0  34   0
 142  29   2   0  25   0  48   0   0  38   0
 143  29   3   0  13   0  41   0   0  13   0
 144  29   4   0  50   0 477   0   0  50   0
 145  29   5   0  50   0 527   0   0  50   0
 146  29   6   0  50   0 246   0   0  50   0
 147  30   1   0   5   0  16   0   0  21   0
 148  30   2   0   2   0   1   0   0   2   0
 149  30   3   0  33   0 192   0   0  44   0
