#
# IONISATION ENERGIES
#  |    I    |   II    |   III   |   IV    |    V    |   VI    |   VII   |  VIII   |   IX    |
  1  109678.8       0.0       0.0       0.0       0.0       0.0       0.0       0.0       0.0
  2  198305.0  438908.7       0.0       0.0       0.0       0.0       0.0       0.0       0.0
  3   43487.2  610079.0       0.0       0.0       0.0       0.0       0.0       0.0       0.0
  4   75192.3  146881.7 1241225.0       0.0       0.0       0.0       0.0       0.0       0.0
  5   66930.0  202895.0  305931.1 2091960.0       0.0       0.0       0.0       0.0       0.0
  6   90820.4  196664.7  386241.0  520178.4 3162395.0       0.0       0.0       0.0       0.0
  7  117225.7  238750.5  382703.8  624866.0  789537.2 4452758.0       0.0       0.0       0.0
  8  109836.7  283550.9  443193.5  624382.0  918702.0 1114010.0       0.0       0.0       0.0
  9  140553.5  282190.2  505410.0  703766.4  921450.0 1267581.0       0.0       0.0       0.0
 10  173931.7  331350.0  514148.0  783880.0 1019950.0 1274000.0       0.0       0.0       0.0
 11   41449.6  381528.0  578033.0  797741.0 1118170.0 1390558.0       0.0       0.0       0.0
 12   61669.1  121267.4  646364.0  881759.0 1139421.0 1507520.0       0.0       0.0       0.0
 13   48279.2  151860.4  229454.0  967783.0 1240600.0 1536300.0       0.0       0.0       0.0
 14   65743.0  131838.4  270139.3  364093.1 1345100.0 1654800.0       0.0       0.0       0.0
 15   88560.0  158550.0  243290.0  414312.4  524462.9 1778250.0       0.0       0.0       0.0
 16   83559.3  188824.5  282752.0  381541.4  584700.0  710194.0 2265900.0       0.0       0.0
 17  104991.0  192000.0  321936.0  431226.0  547000.0  780000.0       0.0       0.0       0.0
 18  127109.9  222820.0  329965.8  482400.0  605100.0  736600.0 1000400.0 1157400.0       0.0
 19   35009.8  256637.0  369000.0  491300.0  666192.5  804513.0       0.0       0.0       0.0
 20   49304.8   95748.0  413127.0  542000.0  680800.0  879139.9       0.0       0.0       0.0
 21   52920.0  104000.0  199693.0  596300.0  741000.0       0.0       0.0       0.0       0.0
 22   55138.0  110000.0  227000.0  348817.8  805500.0       0.0       0.0       0.0       0.0
 23   54361.0  114600.0  240000.0  391000.0  526000.0       0.0       0.0       0.0       0.0
 24   54565.0  133060.0  249700.0  400000.0  589700.0  730900.0       0.0       0.0       0.0
 25   59960.0  126147.0  271800.0  414571.7  613200.0  782353.8       0.0       0.0       0.0
 26   63700.0  130524.0  247200.0  441993.7  608945.8  806550.4 1008000.0 1218380.0       0.0
 27   63438.0  137572.0  270200.0  413500.0  641000.0  823000.0 1040000.0       0.0       0.0
 28   61579.0  146408.0  283700.0  442668.2  608945.0  871074.4 1070000.0 1310000.0       0.0
 29   62317.2  163665.6  297100.0  462800.0  644000.0  831000.0       0.0       0.0       0.0
 30   75766.8  144890.6  320300.0       0.0       0.0       0.0       0.0       0.0       0.0
#
# JSTATWK
#  |    I    |   II    |   III   |   IV    |    V    |   VI    |   VII   |  VIII   |   IX    |
  1     0         1         0         0         0         0         0         0         0
  2     0         0         1         0         0         0         0         0         0
  3     0         0         2         0         0         0         0         0         0
  4     0         0         0         2         0         0         0         0         0
  5     0         0         0         0         2         0         0         0         0
  6     0         0         0         0         0         2         0         0         0
  7     0         0         0         0         0         0         2         0         0
  8     0         0         0         0         0         0         1         0         0
  9     0         0         0         0         0         0         2         0         0
 10     0         0         0         0         0         0         1         0         0
 11     0         0         0         0         0         0         2         0         0
 12     0         0         0         0         0         0         9         0         0
 13     0         0         0         0         0         0         4         0         0
 14     0         0         0         0         0         0         9         0         0
 15     0         0         0         0         0         0         6         0         0
 16     0         0         0         0         0         0         0         1         0
 17     0         0         0         0         0         0         2         0         0
 18     0         0         0         0         0         0         0         0         1
 19     0         0         0         0         0         0         6         0         0
 20     0         0         0         0         0         0         9         0         0
 21     0         0         0         0         0         1         0         0         0
 22     0         0         0         0         0         2         0         0         0
 23     0         0         0         0         0         1         0         0         0
 24     0         0         0         0         0         0         1         0         0
 25     0         0         0         0         0         0        10         0         0
 26     0         0         0         0         0         0         0         0         1
 27     0         0         0         0         0         0         0        21         0
 28     0         0         0         0         0         0         0         0        21
 29     0         0         0         0         0         0         9         0         0
 30     0         0         0        10         0         0         0         0         0
#
# NOEL INOEL
#  |    I    |   II    |   III   |   IV    |    V    |   VI    |   VII   |  VIII   |   IX    |
  1   -2 -2      0  0      0  0      0  0      0  0      0  0      0  0      0  0      0  0
  2   -2 -2     -2 -2      0  0      0  0      0  0      0  0      0  0      0  0      0  0
  3    0  0      0  0      0  0      0  0      0  0      0  0      0  0      0  0      0  0
  4    0  0      0  0      0  0      0  0      0  0      0  0      0  0      0  0      0  0
  5    0  0      0  0      0  0      0  0      0  0      0  0      0  0      0  0      0  0
  6   -1 -1     -3 -3     -3 -3     -3 -3     -1 -1      0  0      0  0      0  0      0  0
  7   -3 -3     -3 -3     -3 -3     -3 -3     -3 -3     -1 -1      0  0      0  0      0  0
  8   -3 -3     -3 -3     -3 -3     -3 -3     -3 -3     -3 -3      0  0      0  0      0  0
  9   -1 -1     -1 -1     -1 -1     -1 -1     -1 -1     -1 -1      0  0      0  0      0  0
 10    6  1     -3 -3     -3 -3     -3 -3     -3 -3     -1 -1      0  0      0  0      0  0
 11   -1 -1      6  1     -1 -1     -1 -1     -1 -1     -1 -1      0  0      0  0      0  0
 12   -1 -1     -3 -3     -1 -1     -1 -1     -1 -1     -1 -1      0  0      0  0      0  0
 13   -1 -1     -1 -1     -3 -3     -1 -1     -1 -1     -1 -1      0  0      0  0      0  0
 14   -1 -1     -3 -3     -3 -3     -3 -3     -3 -3     -1 -1      0  0      0  0      0  0
 15   -3 -3     -3 -3     -3 -3     -1 -1     -3 -3     -1 -1      0  0      0  0      0  0
 16   -1 -1     -3 -3     -3 -3     -3 -3     -3 -3     -3 -3     -3 -3      0  0      0  0
 17   -3 -3     -3 -3     -3 -3     -3 -3     -3 -3      2  1      0  0      0  0      0  0
 18    6  1     -1 -1     -1 -1     -1 -1     -1 -1     -1 -1     -1 -1     -3 -3      0  0
 19   -3 -3     -3 -3     -3 -3     -3 -3     -3 -3     -3 -3      0  0      0  0      0  0
 20   -1 -1     -3 -3     -1 -1     -3 -3     -1 -1     -1 -1      0  0      0  0      0  0
 21    0  0      0  0      0  0      0  0      0  0      0  0      0  0      0  0      0  0
 22   -3 -3     -3 -3     -3 -3     -3 -3     -3 -3      0  0      0  0      0  0      0  0
 23   -3 -3     -3 -3     -3 -3     -3 -3     -3 -3      0  0      0  0      0  0      0  0
 24   -3 -3     -3 -3     -3 -3     -3 -3     -3 -3     -3 -3      0  0      0  0      0  0
 25   -3 -3     -3 -3     -3 -3     -3 -3     -3 -3     -3 -3      0  0      0  0      0  0
 26   -3 -3     -3 -3     -3 -3     -3 -3     -3 -3     -3 -3     -1 -1     -1 -1      0  0
 27   -3 -3     -3 -3     -3 -3     -3 -3     -3 -3     -3 -3     -3 -3      0  0      0  0
 28   -3 -3     -3 -3     -3 -3     -3 -3     -3 -3     -3 -3     -3 -3     -3 -3      0  0
 29    1 99     10  1     -3 -3     -3 -3     -3 -3     -3 -3      0  0      0  0      0  0
 30    2  1     -3 -3     10  1      0  0      0  0      0  0      0  0      0  0      0  0
#  0: ion not present
# -1:   complete term designations +   complete Seaton fits
# -2: incomplete term designations +   complete Seaton fits
# -3:   complete term designations + incomplete Seaton fits
