     1    10
     1     1     6.2560    1.26     3.00   7
     2     1    13.8700    1.26     3.00   7
     3     1    21.5900    1.21     3.00   7
     4     1    31.6600    1.00     3.00   7
     5     1    39.5800    1.00     3.00   7
     6     1    47.4900    1.00     3.00   7
     7     1    55.4100    1.00     3.00   7
     8     1    63.3200    1.00     3.00   7
     9     1    71.2400    1.00     3.00   7
    10     1    79.1500    1.00     3.00   7
     2    27
     1     1     7.4660    1.20     2.00   7
     2     1     5.4670    2.30     2.00   7
     3     1     9.5100    1.30     2.10   7
     4     1    16.0000    1.00     3.00   7
     5     1    13.4600    2.40     4.10   7
     6     1     7.9990    2.00     2.00   7
     7     1    14.9300    2.00     2.20   7
     8     1    28.5100    2.00     3.00   7
     9     1    18.5000    1.80     4.20   7
    10     1    18.1100    1.80     4.30   7
    11     1    26.9800    1.90     3.40   7
    12     1    10.7400    2.60     2.10   7
    13     1    21.0800    2.60     2.30   7
    14     1    41.5900    2.00     2.75   7
    15     1    36.8500    2.00     3.80   7
    16     1    35.8200    2.00     3.80   7
    17     1    31.6300    1.00     3.00   7
    18     1    31.6400    1.00     3.00   7
    19     1    32.2000    1.00     3.00   7
    20     1    39.5900    1.00     3.00   7
    21     1    39.5900    1.00     3.00   7
    22     1    47.5200    1.00     3.00   7
    23     1    47.5200    1.00     3.00   7
    24     1    55.4400    1.00     3.00   7
    25     1    55.4400    1.00     3.00   7
    26     1    63.3600    1.00     3.00   7
    27     1    63.3600    1.00     3.00   7
     3    14
     1     1     1.5730    1.30     3.00   7
     2     1     3.9590    1.00     3.00   0
     3     1     5.9430    1.00     3.00   0
     4     1     7.9190    1.00     3.00   0
     5     1     9.8940    1.00     3.00   0
     6     1    11.8700    1.00     3.00   0
     7     1    13.8500    1.00     3.00   0
     8     1    15.8300    1.00     3.00   0
     9     1    17.8100    1.00     3.00   0
    10     1    19.7900    1.00     3.00   0
    11     1    21.7700    1.00     3.00   0
    12     1    23.7500    1.00     3.00   0
    13     1    25.7300    1.00     3.00   0
    14     1    27.7000    1.00     3.00   0
     4    23
     1     1    17.5000    4.00     2.50  11
     2     1    17.5000    4.00     2.50  11
     3     1    10.5000    4.00     1.50  11
     4     2     1.3000  105.00     2.00  11
     5     1     1.0000    2.00     1.00  11
     6     1     1.8000    1.00     1.00  11
     7     2     3.0000   17.00     1.00  11
     8     1     5.0000    2.00     1.00  11
     9     1     2.5000    3.00     1.00  11
    10     1     2.5000    1.50     1.00  11
    11     1     3.5000    2.50     1.00  11
    12     1     4.0000    2.50     1.00  11
    13     1     6.0000    2.50     1.50  11
    14     1     6.0000    2.50     2.00  11
    14     4    50.0000    3.00     2.00  11
    15     1    29.8000    1.00     3.00  11
    16     1     3.8000    0.50     1.50  11
    17     1    24.9000    1.00     3.00  11
    18     1    22.0000    1.00     3.50  11
    19     1     6.3000    0.50     2.00  11
    20     1    21.2000    1.50     3.50  11
    21     1    16.5000    1.50     4.00  11
    22     1    10.7000    1.50     4.00  11
     5    10
     1     1     4.6000    2.00     1.80   9
     2     2     9.5400    2.00     3.00   9
     3     2     8.4500    2.00     2.20   9
     4     2     8.6500    2.00     2.10   9
     5     2    13.5000    2.00     2.10   9
     6     1     3.6080    2.00     2.00   9
     7     1     4.5900    2.00     2.00   9
     8     4    13.4500    2.00     2.80   9
     9     1     4.0000    2.00     2.50   9
    10     4    11.2000    2.00     2.50   9
     6    12
     1     1     1.4300    1.00     1.50   1
     2     1     2.1100    2.00     2.00   1
     3     1     2.1300   -0.10     1.50   1
     4     2     3.9800    2.00     2.00   2
     5     2     3.1900    1.00     2.00   3
     6     2     2.9500    1.00     2.00   3
     7     1     0.8900    2.00     2.00   2
     8     1     1.5300    1.00     1.50   3
     9     1     2.9700    1.00     1.50   3
    10     1     2.7200    2.00     2.00   2
    11     1     3.1900    2.00     2.00   2
    12     1     2.0800    1.00     3.40   3
     7     9
     1     1     0.6900    2.00     2.40   9
     2     1     0.9300    2.00     3.60   9
     3     1     1.0400    2.00     2.30   9
     4     1     1.7600    2.00     3.10   9
     5     1     1.1200    2.00     4.00   9
     6     1     1.5300    2.00     2.35   9
     7     1     2.5000    2.00     2.80   9
     8     1     2.2600    2.00     3.50   9
    10     1     2.0000    2.00     2.40   9
     8     5
     1     1     0.4950    2.00     3.20   9
     2     1     0.5440    2.00     2.64   9
     3     1     0.5800    2.00     2.75   9
     4     1     0.6100    2.00     3.70   9
     5     1     0.5400    2.00     3.90   9
     9     1
     1     1    12.7200    4.90     1.95   9
    10     9
     1     1     8.3950    2.00     2.15   9
     2     1     8.5000    2.00     2.15   9
     3     1    10.0000    2.00     2.15   9
     4     2    11.6000    2.00     2.50   9
     5     2    11.3000    2.00     2.00   9
     6     2    13.0000    2.00     2.00   9
     7     3    11.2000    2.00     2.00   9
     8     1     1.7000    2.00     2.00   9
    10     4    12.5000    2.00     2.20   9
    11    15
     1     1     2.1600    0.90     2.00   1
     2     2     3.8700    2.00     2.00   1
     3     2     3.7100    2.50     3.00   1
     3     3     1.4500    2.52     3.50   1
     4     2     3.4200    2.80     3.00   1
     4     3     1.3800    2.25     3.25   1
     5     2     3.2400    3.00     3.00   1
     5     3     1.2200    2.44     3.25   1
     6     4     5.0600    2.00     2.00   1
     7     4     6.8900    2.60     2.75   8
     8     1     0.6500    2.30     2.50   8
     9     4     6.3800    3.00     2.75   8
    10     1     2.4600    1.60     2.25   8
    11     1     2.8300   -0.10     2.10   8
    13     2     1.2400    4.36     2.50   8
    12    14
     1     1     0.9100    3.00     2.00   1
     2     1     1.0900    1.80     3.50   1
     3     1     1.1200    1.70     3.50   1
     4     2     3.6300    2.00     2.00   1
     5     2     3.4000    2.00     2.00   1
     6     2     3.4000    2.00     2.00   1
     7     1     0.9000    2.00     2.20   9
     7     4     0.5000    2.00     2.00   9
     8     1     0.8900    2.00     2.90   9
     8     4     0.5500    2.00     2.50   9
     9     1     1.7200    2.00     2.50   9
     9     4     0.4600    2.00     2.50   9
    10     1     1.6800    2.00     2.90   9
    10     4     0.5500    2.00     2.90   9
    13     9
     1     1     0.4700    2.00     2.50   9
     2     1     0.6000    2.00     3.60   9
     3     1     0.7800    2.00     2.50   9
     4     1     1.0800    2.00     3.00   9
     5     1     0.7300    2.00     4.00   9
     6     1     1.0900    2.00     2.45   9
     7     1     1.6500    2.00     2.85   9
     8     1     1.4700    2.00     3.60   9
    10     1     1.4700    2.00     2.45   9
    14     5
     1     1     0.3450    2.00     3.20   9
     2     1     0.3770    2.00     2.70   9
     3     1     0.4140    2.00     3.70   9
     4     1     0.3950    2.00     2.80   9
     5     1     0.3720    2.00     4.00   9
    15    40
     1     1     2.9400    2.66     1.00   5
     1     2     3.8500    4.38     1.50   5
     1     4     2.2600    4.31     1.50   5
     2     2     4.6400    6.83     1.50   5
     2     4     1.9500    4.80     1.50   5
     3     4     7.6500    5.12     1.50   5
     4     4     0.1050    2.00     1.40   9
     5     2     0.5000    2.00     2.00   9
     6     1     2.5750    0.20     1.91   1
     7     1     0.6580    1.75     1.02   1
     8     4     0.0220    2.00     3.50   9
     9     2     0.3000    2.00     2.00   9
    10     1    20.7860    1.31     3.55   1
    11     1    19.9570    1.34     3.65   1
    12     1    12.6810    1.22     3.72   1
    13     1     7.7840    1.58     4.12   1
    15     4     0.0050    2.00     3.75   9
    16     2     0.1500    2.00     1.80   9
    18     1    36.0610    1.73     3.34   1
    19     1    35.9020    1.74     3.39   1
    20     1     0.3380    1.56     3.69   1
    21     1     0.2720    1.79     4.02   1
    22     1    22.9010    2.06     3.85   1
    23     1    15.8010    1.94     3.95   1
    24     1     0.8120    6.08     9.53   1
    25     2     0.0850    2.00     1.80   9
    26     1    53.6820    1.73     3.02   1
    27     1    53.3590    1.72     3.06   1
    28     1     1.1170    1.70     3.63   1
    29     1     0.9250    1.87     3.84   1
    32     1    34.9990   14.17     6.67   1
    33     1    25.7420    1.86     3.60   1
    34     1     1.4470    0.39     5.74   1
    35     1     1.5780    0.53     6.74   1
    36     1    70.0210    2.54     3.28   1
    37     1    70.1880    2.51     3.31   1
    38     1     2.3900    1.70     3.50   1
    39     1     2.0110    1.90     3.69   1
    46     1    85.6330    1.76     2.75   1
    47     1     4.1680    2.11     3.60   1
    16    20
     1     1    10.4000    2.00     2.00   9
     2     1     3.9800    2.00     2.00   9
     2     2     5.5700    2.00     2.00   9
     3     1     5.2200    2.00     2.00   9
     3     2     2.3400    2.00     2.00   9
     3     3     1.5400    2.00     2.00   9
     4     4     3.1800    2.00     2.00   9
     4     5     5.5000    2.00     2.00   9
     4     6     1.0000    2.00     2.00   9
     5     2     0.8500    2.00     2.00   9
     5     5     6.4100    2.00     2.00   9
     5     6     0.7700    2.00     2.00   9
     5     7     1.2700    2.00     2.00   9
     6     1     1.3000    2.00     2.00   9
     7     1     0.5400    2.00     2.00   9
     7     2     1.0000    4.00     1.80   9
     8     1     0.3800    2.00     2.00   9
     8     6     8.3200    4.00     2.00   9
     9     1     1.3650    2.00     1.35   9
    10     1     2.0000    2.00     1.70   9
    17     9
     1     1     4.4600    2.00     2.30   9
     2     1     3.9500    2.00     2.00   9
     3     1     5.3800    2.00     2.40   9
     4     1     6.5200    2.00     2.90   9
     5     2     3.2200    2.00     2.90   9
     5     3     1.7700    2.00     2.40   9
     6     5     4.7800    2.00     2.70   9
     7     5     5.2000    2.00     2.30   9
     8     5     6.1000    2.00     2.50   9
    18    16
     1     1     1.0900    0.80     3.00   1
     2     2     2.1700    2.00     2.00   1
     3     2     2.2300    2.00     2.00   1
     3     3     2.1100    2.00     2.00   1
     4     2     2.1600    2.00     2.00   1
     4     3     2.2000    2.00     2.00   1
     5     2     2.2900    2.00     2.00   1
     5     3     2.1800    2.00     2.00   1
     6     4     2.2000    2.00     2.00   1
     7     4     2.2000    2.00     2.00   1
     7     5     2.2000    2.00     2.00   1
     8     4     2.2000    2.00     2.00   1
     8     5     2.2000    2.00     2.00   1
     8     6     2.2000    2.00     2.00   1
     9     1     0.6500    2.00     1.90   9
    10     1     1.5000    2.00     2.50   9
    19     6
     1     1     0.7300    1.90     2.30   1
     2     1     0.8900    2.00     2.00   1
     3     1     1.0000    2.00     3.00  11
     4     2     1.8000    2.00     3.00  11
     5     2     1.8000    2.00     3.00  11
     6     2     2.0000    2.00     3.00  11
    20     9
     1     1     0.3300    2.00     2.00   1
     2     1     0.4100    2.00     2.00   1
     3     1     0.5680    2.00     2.70   9
     4     1     0.7720    2.00     3.20   9
     5     1     0.5090    2.00     4.10   9
     6     1     0.8040    2.00     2.60   9
     7     1     1.1300    2.00     3.00   9
     8     1     1.0100    2.00     3.60   9
    10     1     1.0800    2.00     2.50   9
    21    13
     1     1     6.8000    6.50     1.00  11
     2     1     0.0700    9.00     1.00  11
     3     1     0.1400    9.00     1.50  11
     4     1     7.2500    0.50     3.50  11
     5     1     5.5000    0.00     3.50  11
     6     1     5.0000    0.00     3.50  11
     7     1     4.2000    0.00     3.50  11
     8     1     3.4500    0.00     4.00  11
     9     1     2.5000    1.00     4.50  11
     9     2     1.8000    1.00     1.00  11
    10     1     7.5000    0.50     8.00  11
    11     1     0.5000    0.50     3.50  11
    12     1     2.4000    0.50     8.50  11
    22    23
     1     1     0.6500   96.00     2.50  11
     2     2     8.5000    4.00     2.00  11
     3     2     7.5000    6.00     2.00  11
     4     7     2.9000   26.00     1.50  11
     5     1     0.5000    1.00     1.00  11
     6     1     0.5000    1.00     1.00  11
     7     1     1.0000    1.00     1.00  11
     8     1     1.1000    4.50     2.00  11
     9     2     0.7000    4.50     2.00  11
    10     2     0.7000    4.50     2.00  11
    11     3   150.0000    1.00     2.00  11
    12     3     1.2000    1.00     1.00  11
    13     1     5.8500    1.50     3.50  11
    14     1     5.1000    1.50     4.00  11
    15     1     0.7000    1.00     1.00  11
    16     2     0.3100    8.00     1.00  11
    17     2     0.0900   41.00     1.00  11
    18     1     0.5000    1.00     1.00  11
    19     2     0.0900   41.00     1.00  11
    20     2     0.0900   41.00     1.00  11
    21     7   400.0000    1.00     2.00  11
    21     2     3.0000    1.00     1.00  11
    22     2     1.0000    2.00     1.00  11
    23    41
     1     1     5.3000    3.00     2.50  11
     2     1     5.5000    3.00     2.50  11
     3     1     5.0000    4.00     2.50  11
     4     4     3.0000   19.50     3.00  11
     5     4     1.0000   57.00     2.50  11
     6     5     1.3000   57.00     2.50  11
     7     7     1.5000   57.00     2.50  11
     8     1     0.6000    1.00     1.00  11
     9     1     0.8000    1.00     1.00  11
    10     2     0.7000    2.00     1.50  11
    11     1     0.7000    6.00     2.00  11
    12     1     1.7000    1.00     1.50  11
    13     1     1.2000    4.50     2.50  11
    14     1     1.2000    4.50     2.50  11
    15     1     1.8000    4.50     3.00  11
    16     2     1.3000    7.00     2.50  11
    17     3     0.9000    1.00     1.00  11
    18     2     1.0000   12.00     3.00  11
    19     2     1.2000   12.00     3.00  11
    20     3     2.5000    1.50     1.50  11
    21     1     2.5000    0.50     2.50  11
    22     1     2.2000    0.50     2.50  11
    23     1     2.2000    1.50     2.50  11
    24     1     2.0000    1.50     4.00  11
    25     1     2.0000    1.50     4.00  11
    26     4     1.1000    1.00     1.00  11
    27     1     2.0000    1.50     4.50  11
    28     1     1.5000    2.00     2.00  11
    29     4     1.0000    1.00     1.00  11
    30     1     2.5000    1.50     2.00  11
    31     2     5.5000    0.50     3.00  11
    32     2     0.8000    1.00     3.00  11
    33     1     1.0000    1.00     1.50  11
    34     2     5.0000    0.50     3.00  11
    35     1     0.7000    1.00     1.00  11
    36     2     5.0000    0.50     3.00  11
    37     2     4.5000    0.50     3.00  11
    38     4     4.5000    2.00     2.00  11
    39     1     1.5000    1.50     1.50  11
    40     1     2.0000    2.00     2.00  11
    41     1     1.7000    2.00     2.00  11
    24    29
     1     1     2.4000    5.50     3.50  11
     2     1     2.4000    5.50     3.50  11
     3     1     2.6000    5.50     3.50  11
     4     1     4.2000    4.00     3.50  11
     5     3     4.3000    4.00     3.00  11
     6     3     4.7000    4.00     3.00  11
     7     3     4.8000    3.50     2.50  11
     8     3     5.3000    3.50     2.50  11
     9     3     5.3000    3.50     2.50  11
    10     6    10.0000    3.50     2.50  11
    11     1     0.5400    2.50     2.00  11
    12     1     0.5400    2.50     2.00  11
    13     1     1.2900    2.50     2.50  11
    14     1     1.2600    2.50     2.50  11
    15     1     1.2600    2.50     2.50  11
    16     1     1.3500    3.00     3.00  11
    17     1     3.1200    0.50     3.00  11
    18     1     3.0000    0.50     3.50  11
    19     1     3.0000    0.50     3.50  11
    20     1     4.0000    0.50     3.50  11
    21     2     0.9000    1.50     1.50  11
    22     1     1.8000    6.00     6.50  11
    23     1     2.4000    6.00     6.50  11
    24     2     0.9000    1.50     1.50  11
    25     2     2.0000    1.50     1.50  11
    26     2     2.6000    2.50     2.50  11
    27     2     2.6000    2.50     2.50  11
    28     2     2.8000    2.50     2.50  11
    29     1     1.0000    1.00     1.50  11
    25    20
     1     1     1.3700    2.00     2.50  11
     2     2     2.1000    1.50     2.50  11
     3     2     0.7000   17.00     3.50  11
     4     2     0.7500   17.00     3.50  11
     5     3     0.8500   17.00     3.50  11
     6     4     4.9000    2.50     3.50  11
     7     4     4.0000    3.00     3.00  11
     8     4     4.5000    3.00     3.00  11
     9     1     0.5000    1.50     1.50  11
    10     1     1.0000    1.00     2.00  11
    11     1     1.0000    1.00     3.50  11
    12     4     0.7000    1.50     1.50  11
    13     4     0.7000    1.50     1.50  11
    14     4     1.6000    1.50     2.00  11
    15     4     2.0000    1.50     2.50  11
    16     4     2.0000    1.00     2.00  11
    17     4     2.0000    1.00     2.00  11
    18     4     2.2000    1.00     2.00  11
    19     4     3.8000    1.00     3.50  11
    20     4     4.5000    1.00     3.50  11
    26    10
     1     1     0.6000    3.00     3.00  11
     2     1     0.6000    3.00     3.00  11
     3     2     0.8600    1.50     2.50  11
     4     2     1.3000    1.00     3.00  11
     5     2     1.2500    1.50     3.00  11
     6     2     1.4000    1.50     3.00  11
     7     1     0.5000    1.00     1.00  11
     8     1     0.4000    1.00     1.00  11
     9     1     0.7000    1.50     1.50  11
    10     1     0.7000    1.50     2.50  11
    27     1
     1     1     5.3500    3.77     1.00   5
    28    10
     1     2     8.7900    3.00     1.90   9
     2     4     8.8600    3.50     1.85   9
     3     1     0.4800    3.50     1.85   9
     4     1     0.3700    3.50     1.85   9
     5     1     0.6200    2.00     1.20   9
     6     1     0.4300    3.00     1.85   9
     7     1     0.5500    3.00     1.40   9
     8     2     0.4100    3.00     1.70   9
     9     1     0.4200    3.00     1.40   9
    10     1     0.4900    3.90     1.50   9
    29    13
     1     1     1.8000    2.28     2.00   5
     1     2     2.5000    2.35     2.50   5
     1     3     1.4800    2.22     2.50   5
     2     2     4.1700    2.07     2.00   5
     2     3     1.3900    2.79     2.50   5
     3     3     5.4900    3.00     2.50   5
     4     4     5.7700    3.30     2.00   9
     5     5     6.4000    2.70     2.00   9
     6     5     7.9000    2.00     2.00   9
     7     1     0.6200    2.00     2.80   9
     8     1     1.4300    1.50     1.90   9
     9     2     0.6900    1.50     2.50   9
    10     1     1.0800    1.50     1.70   9
    30    13
     1     1     3.8800    2.00     2.70   9
     2     1     1.8400    2.00     2.20   9
     3     2     1.5600    2.00     2.20   9
     4     3     1.4100    2.00     2.00   9
     4     5     2.7500    2.00     2.00   9
     5     1     0.7400    2.00     2.00   9
     5     5     3.2400    5.00     3.40   9
     6     6     4.3600    4.00     3.20   9
     7     1     0.8200    2.00     2.00   9
     7     8     3.2200    4.00     3.50   9
     8     1     0.5300    2.00     1.85   9
     9     1     0.4700    2.00     1.60   9
    10     2     0.4700    2.00     1.70   9
    31     9
     1     1     1.6500    2.00     2.20   9
     2     1     1.6300    2.00     2.00   9
     3     1     1.8600    2.00     2.20   9
     5     2     2.0600    2.00     2.20   9
     6     2     2.1800    2.00     2.20   9
     7     3     2.3600    2.00     2.40   9
     8     2     3.2000    2.00     2.60   9
     9     4     2.5500    2.00     2.75   9
    10     6     2.9000    2.00     3.00   9
    32    50
     1     1     0.4900    1.15     3.00   5
     2     1     1.5000    1.00     2.50  11
     3     1     0.1300   90.00     4.00  11
     4     1     0.2300   70.00     5.00  11
     5     1     0.1100  102.00     4.00  11
     6     1     0.0020    0.00     0.00  11
     7     1     0.0020    0.00     0.00  11
     8     1     0.4000    1.00     1.50  11
     9     1     0.7000    1.00     2.00  11
    10     1     0.7000    1.00     3.00  11
    11     1     0.6500    1.00     1.50  11
    12     1     0.0020    0.00     0.00  11
    13     1     0.0020    0.00     0.00  11
    14     1     1.2000    1.00     2.00  11
    15     1     1.2000    1.00     2.00  11
    16     1     1.4000    1.00     2.50  11
    17     1     0.0020    0.00     0.00  11
    18     1     1.7000    1.00     3.50  11
    19     1     1.9000    1.00     3.50  11
    20     1     0.0020    0.00     0.00  11
    21     1     0.0020    0.00     0.00  11
    22     1     1.7000    1.00     3.00  11
    23     1     0.0020    0.00     0.00  11
    24     1     0.0020    0.00     0.00  11
    25     1     0.0020    0.00     0.00  11
    26     1     0.2000   10.00     2.00  11
    27     1     0.0020    0.00     0.00  11
    28     1     0.0020    0.00     0.00  11
    29     1     0.9000    1.50     2.00  11
    30     1     0.0020    0.00     0.00  11
    31     1     0.0020    0.00     0.00  11
    32     1     1.7000    2.00     4.00  11
    33     1     0.0020    0.00     0.00  11
    34     1     0.0020    0.00     0.00  11
    35     1     0.0020    0.00     0.00  11
    36     1     0.0020    0.00     0.00  11
    37     1     0.0020    0.00     0.00  11
    38     1     0.0020    0.00     0.00  11
    39     1     0.0020    0.00     0.00  11
    40     1     0.0020    0.00     0.00  11
    41     1     0.0020    0.00     0.00  11
    42     1     0.0020    0.00     0.00  11
    43     1     1.0000    1.00     2.00  11
    44     1     1.5000    1.00     2.00  11
    45     1     0.0020    0.00     0.00  11
    46     1     1.2000    1.00     2.00  11
    47     1     0.0020    0.00     0.00  11
    48     1     0.3000    1.00     2.00  11
    49     1     0.0020    0.00     0.00  11
    50     1     1.6000    1.50     2.50  11
    33    10
     1     1     0.1000    0.00     6.00  11
     2     1     7.4500    0.00     3.00  11
     3     1     0.8600    0.00     4.00  11
     4     1    18.2300    0.00     2.50  11
     5     1    17.7000    1.50     3.50  11
     6     1     2.2400    2.50     6.00  11
     7     1    35.5000    0.00     2.00  11
     8     1     0.2600    1.50     3.50  11
     9     1    29.9000    0.00     2.00  11
    10     1     4.1200    1.50     4.50  11
    35    36
     1     1     5.5000    6.50     3.00  11
     2     4     5.0000   15.00     2.50  11
     3     1     0.3400    3.50     2.00  11
     4     1     0.3400    3.50     2.00  11
     5     2     0.5500    3.50     2.50  11
     6     1     0.8900    3.00     2.00  11
     7     1     0.8900    3.00     2.00  11
     8     1     0.8000    3.00     2.00  11
     9     1     0.7000    3.00     2.00  11
    10     1     0.8000    3.00     2.00  11
    11     1     0.9000    3.00     2.00  11
    12     3     0.6000    3.50     2.00  11
    13     2     0.8500    4.00     2.00  11
    14     2     1.2000    3.50     2.00  11
    15     2     0.6800    5.00     2.00  11
    16     1     2.9000    1.50     3.50  11
    17     1     2.7000    1.50     3.50  11
    18     1     2.5000    1.50     4.00  11
    19     1     2.5000    1.50     3.50  11
    20     1     2.3000    1.50     4.00  11
    21     1     2.3000    1.50     4.00  11
    22     1     0.6000    3.00     2.00  11
    23     1     0.5000    3.00     2.00  11
    24     3     0.7000    5.00     1.50  11
    25     2     7.0000    0.50     2.50  11
    26     1     1.0000    2.50     2.00  11
    27     2     6.0000    1.00     3.00  11
    28     1     1.0000    2.50     2.00  11
    29     2     6.0000    1.00     3.00  11
    30     1     0.9000    2.50     2.00  11
    31     1     1.3000    2.50     2.00  11
    32     2     6.5000    1.00     3.00  11
    33     1     1.0000    2.50     2.00  11
    34     1     0.2500    0.50     1.50  11
    35     2     6.0000    1.50     3.50  11
    36     2     0.8500    1.00     1.00  11
    36    16
     1     1     3.5000    5.50     3.00  11
     2     1     3.8000    5.50     3.00  11
     3     1     4.0000    5.50     3.00  11
     4     4     8.0000    5.50     3.00  11
     5     5     2.6600   25.00     3.00  11
     6     1     0.3800    1.50     2.00  11
     7     2     0.4800    1.50     2.00  11
     8     2     0.4800    1.50     2.00  11
     9     3     0.6000    1.50     2.00  11
    10     3     0.6000    1.50     2.00  11
    11     1     1.0000    1.50     3.00  11
    12     2     2.4000    1.50     3.00  11
    13     2     2.4000    1.50     3.00  11
    14     2     2.8000    1.50     4.00  11
    15     2     3.0000    1.50     4.00  11
    16     2     1.0000    1.50     2.00  11
    37    17
     1     1     2.1500    4.50     3.50  11
     2     2     2.1000    6.00     3.50  11
     3     3     2.1000    6.00     3.50  11
     4     4     3.1000    6.00     3.50  11
     5     5     3.8000    6.00     3.50  11
     6     6     4.0000    9.00     4.00  11
     7     6     3.0000    9.99     3.50  11
     8    10    28.0000    1.00     3.00  11
     9     1     0.4000    2.00     2.00  11
    10     1     0.4500    2.00     2.00  11
    11     2     0.4500    2.00     2.00  11
    12     3     0.5600    2.00     2.00  11
    13     1     1.4300    1.50     3.00  11
    14     1     1.4300    1.50     3.00  11
    15     1     1.3500    0.50     3.00  11
    16     1     1.3500    0.50     3.00  11
    17     4     0.7000    1.00     1.50  11
    38    17
     1     1     1.2000    1.00     3.00  11
     2     1     1.2000    1.00     3.00  11
     3     1     1.2000    1.00     3.00  11
     4     2     1.9000    1.00     3.00  11
     5     4     2.4000    1.00     3.00  11
     6     2     2.6000    1.00     3.00  11
     7     3     2.9000    1.00     3.00  11
     8     2     3.5000    1.00     3.00  11
     9     3     3.5000    1.00     3.00  11
    10     6     5.5000    1.00     3.00  11
    11     7     5.5000    1.00     3.00  11
    12     1     0.4000    1.00     1.50  11
    13     1     0.4000    1.00     1.50  11
    14     1     0.8000    0.00     2.50  11
    15     1     0.8000    0.00     2.00  11
    16     1     0.9000    0.00     2.00  11
    17     2     0.5500    1.00     1.50  11
    39    21
     1     1     2.5000    0.50     9.99  11
     2     1    15.2000    2.00     4.50  11
     3     1    79.0000    8.50     4.50  11
     4     1     0.5000    1.50     7.00  11
     5     1     0.5000    1.50     7.00  11
     6     1    30.9000    1.50     3.00  11
     7     1    24.0000    2.50     4.00  11
     8     1    21.6000    3.50     6.00  11
     9     1    21.2000    5.50     3.00  11
    10     1     1.5000    0.50     5.50  11
    11     1     0.3000    0.50     5.50  11
    12     1    33.7000    2.50     2.50  11
    13     1    40.3000    3.00     4.00  11
    14     1    36.6000    2.00     3.00  11
    15     1    23.4000    2.00     4.50  11
    16     1    23.4000    2.00     4.50  11
    17     1    10.0000    2.00     1.00  11
    18     1     4.0000    0.00     2.50  11
    19     1     1.4400    0.00     6.00  11
    20     1    23.0000    0.00     0.00  11
    21     1    58.7000    1.50     2.50  11
    40    21
     1     1     0.1970    3.80     1.25   9
     2     1     0.4800    0.50     2.50  11
     3     1     0.1470    4.85     1.32   9
     4     1     5.4300    2.00     4.00   9
     5     1     1.4800    0.50     3.00  11
     6     1     0.1080    6.15     1.31   9
     7     1    10.0000    0.01     1.70   9
     8     1     0.1000    0.01     2.50   9
     9     1     3.0000    0.01     1.90   9
    10     1     0.0780    8.40     1.25   9
    11     1    14.1000    1.50     3.00  11
    12     1     0.3000    1.50     3.50  11
    14     1     5.1000    0.00     2.50  11
    15     1     0.0700    4.00     0.50  11
    16     1    18.2000    1.50     2.50  11
    17     1     0.6400    1.50     3.50  11
    20     1     7.4700    1.00     3.00  11
    21     1     0.0500    5.00     0.50  11
    22     1    22.2000    1.50     2.50  11
    23     1     1.1200    1.50     3.50  11
    26     1    10.2000    1.00     3.00  11
    41    50
     1     1     6.4300    2.50     1.90   9
     2     1     0.3800    2.50     1.90   9
     3     1     0.3300    2.50     1.90   9
     4     1     0.5400    2.50     1.50   9
     5     1     0.5300    2.50     1.50   9
     6     1     0.5300    2.50     1.50   9
     7     1     0.4200    2.50     1.50   9
     8     1     0.5200    2.50     1.50   9
     9     1     1.3200    2.50     2.10   9
    10     1     2.8400    2.00     3.90   9
    11     1     2.6000    0.00     2.00  11
    12     1     2.5000    0.00     2.20  11
    13     1     2.4000    0.00     2.20  11
    14     1     2.4000    0.00     2.20  11
    15     1     2.1200    0.00     2.50  11
    16     1     0.4500    3.00     2.00  11
    17     1     0.4400    1.50     1.50  11
    18     1     0.6600    1.00     1.00  11
    19     1     0.5800    1.00     1.00  11
    20     1     0.6400    1.00     1.00  11
    21     1     0.6400    1.00     1.00  11
    22     1     0.6400    1.00     1.00  11
    23     1     1.4000    1.50     1.50  11
    24     1     4.8700    1.50     3.00  11
    25     1     4.5800    1.50     3.00  11
    26     1     4.7500    1.50     3.00  11
    27     1     4.5500    1.50     3.00  11
    28     1     2.2000    1.50     4.50  11
    29     1     2.2000    1.50     4.50  11
    30     1     2.2000    1.50     4.50  11
    31     1     2.1000    1.50     4.50  11
    32     1     4.6000    1.50     3.00  11
    33     1     4.2000    1.50     3.50  11
    34     1     2.1800    1.50     4.50  11
    35     1     2.1000    1.50     4.50  11
    36     1     0.5700    1.50     1.50  11
    37     1     0.5900    1.50     1.50  11
    38     1     1.0200    0.50     1.50  11
    39     1     0.9100    0.50     1.00  11
    40     1     0.8000    0.50     1.00  11
    41     1     0.8500    0.50     1.00  11
    42     1     0.9200    0.50     1.00  11
    43     1     1.6000    1.00     1.50  11
    44     1     6.7900    1.50     2.50  11
    45     1     6.7500    1.50     3.00  11
    46     1     6.7500    1.50     3.00  11
    47     1     6.7500    1.50     3.00  11
    48     1     4.6800    1.50     3.50  11
    49     1     4.6800    1.50     3.50  11
    50     1     4.6800    1.50     3.50  11
    42    50
     1     1     3.0000   10.00     3.50  11
     2     4     1.8000   26.00     3.00  11
     3     1     0.2900    3.00     2.00  11
     4     1     0.3400    2.00     2.00  11
     5     2     0.4000    2.00     2.00  11
     6     1     0.7100    2.50     2.00  11
     7     1     0.7100    2.50     2.00  11
     8     1     0.6900    2.50     2.00  11
     9     1     0.7100    2.50     2.00  11
    10     1     0.8900    2.50     2.50  11
    11     1     0.6700    2.00     2.00  11
    12     3     0.4600    2.50     2.00  11
    13     2     0.7500    6.00     3.00  11
    14     2     0.7500    6.00     3.00  11
    15     2     0.7300    6.60     2.50  11
    16     1     1.2300    3.50     3.50  11
    17     1     1.5600    1.50     3.50  11
    18     1     1.5300    1.50     3.50  11
    19     1     1.4500    1.50     3.50  11
    20     1     1.2400    0.50     3.00  11
    21     1     1.2400    0.50     3.00  11
    22     3     1.1200    2.50     2.00  11
    23     2     2.2900    6.00     5.00  11
    24     2     2.4200    0.50     2.50  11
    25     2     2.3300    0.50     2.50  11
    26     2     2.3300    0.50     2.50  11
    27     2     2.6000    0.50     2.50  11
    28     1     0.5000    3.50     2.50  11
    29     1     0.4200    3.50     2.50  11
    30     1     1.0000    3.50     3.00  11
    31     1     0.9900    2.50     3.50  11
    32     1     0.9700    3.00     2.50  11
    33     1     0.6500    3.50     2.00  11
    34     1     1.0300    2.50     2.50  11
    35     1     1.1800    0.50     1.00  11
    36     3     5.7000    1.00     3.00  11
    37     1     2.8900    1.50     3.00  11
    38     2     0.2500   13.50     2.50  11
    39     1     2.8300    1.50     3.00  11
    40     1     2.8000    1.50     3.00  11
    41     1     2.8000    1.50     3.00  11
    42     1     2.6100    2.00     3.50  11
    43     1     1.3100    2.00     4.50  11
    44     1     1.3100    2.00     4.50  11
    45     1     0.0900    1.50     4.50  11
    46     1     2.5400    1.50     3.00  11
    47     1     1.2400    2.00     4.50  11
    48     1     1.2400    2.00     4.50  11
    49     1     0.0880    1.50     4.00  11
    50     2     1.5000    1.50     1.50  11
    43    50
     1     1     3.2000    0.00     0.50  11
     2     1     3.1000    0.00     0.50  11
     3     2     3.2000    0.00     0.50  11
     4     4     7.5000    0.00     1.50  11
     5     7    12.5000    0.00     1.50  11
     6     1     0.2800    2.00     1.50  11
     7     1     0.2800    2.00     1.50  11
     8     7    59.0000    1.00     3.00  11
     9     2     0.3200    2.00     1.50  11
    10     1     0.7000    1.00     2.00  11
    11     1     0.4000    1.50     2.00  11
    12     1     0.6000    3.50     2.50  11
    13     3     0.5500    1.00     2.00  11
    14     3     0.5500    1.00     2.00  11
    15     3     0.9500    1.00     2.00  11
    16     3     1.0500    1.00     2.00  11
    17     3     0.9500    1.00     2.00  11
    18     3     0.9500    1.00     2.00  11
    19     1     1.3000    0.50     2.50  11
    20     3     1.4000    0.50     2.00  11
    21     3     1.3000    1.00     2.00  11
    22     3     1.2000    1.00     2.00  11
    23     3     1.2000    1.00     2.00  11
    24     3     1.0000    1.50     2.00  11
    25     1     1.0000    2.50     4.00  11
    26     3     1.0000    1.50     2.00  11
    27     3     1.0000    1.50     2.00  11
    28     3     1.8000    0.50     2.00  11
    29     3     2.4000    0.50     2.50  11
    30     1     2.4000    0.50     2.50  11
    31     3     2.0000    0.50     2.50  11
    32     1     2.0000    0.50     2.50  11
    33     3     2.0000    0.50     2.50  11
    34     1     2.0000    0.50     2.50  11
    35     1     2.0000    0.50     2.50  11
    36     3     2.0000    0.50     2.50  11
    37     3     2.0000    0.50     2.50  11
    38     1     1.7000    0.50     2.50  11
    39     3     2.5000    0.50     2.50  11
    40     3     3.0000    0.50     2.50  11
    41     2     2.5000    0.50     2.50  11
    42     3     2.9000    0.50     2.50  11
    43     1     0.7000    0.50     1.50  11
    44     2     2.3000    0.50     2.50  11
    45     1     0.5000    0.50     1.50  11
    46     2     1.7000    0.50     2.50  11
    47     1     0.4000    1.50     1.50  11
    48     1     0.7000    1.50     1.50  11
    49     1     0.9000    2.00     2.50  11
    50     4     1.8000    2.00     2.50  11
    44    21
     1     1     1.5000    6.00     4.00  11
     2     1     1.5000    5.50     3.50  11
     3     1     1.5000    5.50     3.50  11
     4     4     2.0000    6.00     3.50  11
     5     6     2.0000    6.00     3.00  11
     6     6     2.5000    4.50     3.00  11
     7     6     3.0000    4.00     3.00  11
     8     1     0.3000    2.50     2.00  11
     9     1     0.3500    2.50     2.00  11
    10     2     0.3500    2.50     2.00  11
    11     3     0.4000    2.50     2.00  11
    12     1     1.0000    0.50     3.00  11
    13     1     1.0000    0.50     3.00  11
    14     1     0.6500    5.00     4.50  11
    15     1     0.8300    0.50     3.00  11
    16     1     0.6900    0.50     3.00  11
    17     2     1.0000    0.50     3.00  11
    18     2     1.2000    0.50     3.00  11
    19     2     1.2000    0.50     3.00  11
    20     2     1.3000    0.50     3.00  11
    21     4     0.7300    5.00     3.00  11
    45    19
     1     1    59.1800    2.50     5.00  11
     2     1     0.1000    0.00     0.00  11
     3     1    70.0000   94.00     4.50  11
     4     1    27.3900    2.00     3.00  11
     5     1    18.6500    5.00     3.00  11
     6     1     1.2000    4.50     9.00  11
     7     1    10.0000    1.50     1.00  11
     8     1    17.7700    4.50     2.50  11
     9     1    20.6000    0.50     3.00  11
    10     1     2.6000    0.00     3.50  11
    11     1     4.0000    0.00     3.00  11
    12     1    22.0000    2.50     2.00  11
    13     1    44.0000    0.00     2.00  11
    14     1    22.0000    1.50     4.00  11
    15     1     4.6000    2.00     5.00  11
    16     1    23.4000    1.50     1.50  11
    17     1    67.0000    1.50     3.00  11
    18     1    47.0000    1.50     3.50  11
    19     1     6.8000    2.00     4.50  11
    46    18
     1     1     0.2000    7.00     1.50  11
     2     1     0.0600   28.00     1.00  11
     3     1     0.0600   28.00     1.00  11
     4     1     0.2000    4.50     0.50  11
     5     2    20.0000    0.50     3.50  11
     6     1     0.1000    4.50     0.50  11
     7     1    22.0000    0.50     3.50  11
     8     1     1.1000    0.50     1.00  11
     9     1     1.1000    0.50     1.50  11
    10     1    15.0000    0.50     2.00  11
    11     1     0.0400    7.50     1.00  11
    12     1     0.0400    7.50     1.00  11
    13     1    12.5000    1.00     2.00  11
    14     1     6.0000    0.50     2.00  11
    15     1     5.5000    0.50     3.00  11
    16     1     5.5000    0.50     1.00  11
    17     1     3.3000    0.50     3.00  11
    18     1     1.0000    0.50     1.00  11
    47    21
     1     1     0.3000    2.50     1.50  11
     2     1     0.4300    3.00     1.50  11
     3     1     2.6000    1.50     3.50  11
     4     1     0.3600    2.00     1.50  11
     5     1     0.5000    0.50     0.50  11
     6     1     4.7000    1.50     3.00  11
     7     1     0.0500    1.50     3.50  11
     8     1     0.4200    2.00     1.50  11
     9     1     0.9000    0.50     1.50  11
    10     1     6.6800    1.50     3.00  11
    11     1     0.1600    1.50     3.50  11
    13     1     0.4800    2.00     1.50  11
    14     1     1.3400    0.50     2.00  11
    15     1     8.5700    1.50     2.50  11
    16     1     0.3400    1.50     3.50  11
    19     1     0.5400    1.50     1.50  11
    20     1     1.8800    0.50     2.00  11
    21     1    10.5000    1.50     2.50  11
    22     1     0.5800    1.50     3.50  11
    26     1     0.6000    1.50     1.50  11
    27     1     2.5000    0.50     2.00  11
    48    50
     1     1     5.0000    3.00     2.50  11
     2     1     0.3000    2.50     2.00  11
     3     1     0.3000    2.50     2.00  11
     4     1     0.6500    2.50     2.00  11
     5     1     0.6500    2.50     2.00  11
     6     1     0.6200    2.50     2.00  11
     7     1     0.5500    2.50     2.00  11
     8     1     0.6000    2.50     2.00  11
     9     1     1.1500    2.50     2.50  11
    10     1     1.7000    2.50     4.50  11
    11     1     1.5600    1.00     3.00  11
    12     1     1.5000    1.00     3.00  11
    13     1     1.4500    1.00     3.00  11
    14     1     1.4300    0.50     2.50  11
    15     1     1.2000    0.50     3.00  11
    16     1     0.4500    2.00     2.00  11
    17     1     0.4200    2.00     2.00  11
    18     1     0.7200    2.00     2.00  11
    19     1     0.7200    2.00     2.00  11
    20     1     0.6000    1.50     1.50  11
    21     1     0.7000    1.50     1.50  11
    22     1     0.7100    1.50     1.50  11
    23     1     1.2000    2.00     2.00  11
    24     1     2.8000    2.00     3.50  11
    25     1     2.8000    2.00     3.50  11
    26     1     2.8000    2.00     3.50  11
    27     1     2.8000    2.00     3.50  11
    28     1     2.8000    2.00     3.50  11
    29     1     1.2600    1.50     4.50  11
    30     1     1.2600    1.50     4.50  11
    31     1     1.2600    1.50     4.50  11
    32     1     1.2000    1.50     4.50  11
    33     1     2.5000    2.00     3.60  11
    34     1     1.2000    1.50     4.50  11
    35     1     1.2000    1.50     4.50  11
    36     1     0.5900    2.00     2.00  11
    37     1     0.6100    2.00     2.00  11
    38     1     0.8100    1.50     2.00  11
    39     1     0.8700    1.00     1.50  11
    40     1     0.7300    1.00     1.50  11
    41     1     0.8500    1.00     1.50  11
    42     1     0.8500    1.00     1.50  11
    43     1     1.4500    1.00     1.50  11
    44     1     3.8000    1.00     2.50  11
    45     1     3.8000    1.00     2.50  11
    46     1     3.8000    1.00     2.50  11
    47     1     3.8000    1.00     2.50  11
    48     1     2.7000    1.00     3.00  11
    49     1     2.7000    1.00     3.00  11
    50     1     2.7000    1.00     3.00  11
    49    50
     1     1     3.7000    1.50     2.00  11
     2     4     1.6000   20.00     3.00  11
     3     1     0.3000    0.50     1.00  11
     4     1     0.3000    0.50     1.00  11
     5     2     0.3200    0.50     1.00  11
     6     1     0.6300    2.00     2.00  11
     7     1     0.6600    2.50     2.50  11
     8     1     0.6300    2.50     2.50  11
     9     2     0.6000    2.00     2.00  11
    10     1     0.7300    2.00     2.50  11
    11     1     0.5300    2.00     2.00  11
    12     2     0.4000    2.00     2.00  11
    13     2     0.6000    3.50     2.50  11
    14     2     0.6900    3.00     2.50  11
    15     2     0.6900    3.00     2.50  11
    16     1     1.3100    1.00     3.00  11
    17     3     0.7700    3.50     2.50  11
    18     1     1.1300    1.00     3.50  11
    19     1     1.0000    1.00     3.50  11
    20     1     1.0000    1.00     3.00  11
    21     2     1.0000    0.00     2.00  11
    22     2     1.3000    0.00     2.50  11
    23     2     1.5000    0.00     1.50  11
    24     2     1.2000    1.50     3.00  11
    25     2     1.2000    1.50     3.00  11
    26     2     1.2000    1.50     3.00  11
    27     2     1.3000    1.50     3.00  11
    28     1     0.4500    1.50     2.00  11
    29     1     0.4000    1.50     2.00  11
    30     3     2.6000    1.50     3.50  11
    31     1     0.8000    2.00     2.00  11
    32     1     0.8600    2.00     2.00  11
    33     1     0.8000    2.00     2.00  11
    34     1     0.7400    2.00     2.00  11
    35     1     0.8600    2.50     2.50  11
    36     1     0.9600    2.00     2.50  11
    37     2     0.5600    1.50     1.50  11
    38     1     1.8000    1.50     3.00  11
    39     1     1.8000    1.50     3.00  11
    40     1     1.8000    1.50     3.00  11
    41     1     1.8000    1.50     3.00  11
    42     1     1.6000    1.50     3.00  11
    43     2     3.2000    1.50     3.00  11
    44     1     0.8000    1.50     4.50  11
    45     1     0.8000    1.50     3.50  11
    46     1     0.2000    1.50     4.00  11
    47     2     0.9000    1.50     1.50  11
    48     1     0.0500    1.00     3.50  11
    49     1     0.0600    1.00     3.50  11
    50     1     0.8000    1.00     3.50  11
    50    19
     1     1     2.1500    2.50     2.50  11
     2     1     2.2500    2.50     2.50  11
     3     1     2.5000    3.00     3.00  11
     4     1     3.0000    3.00     2.50  11
     5     1     3.0000    7.50     3.50  11
     6     1     0.6400    2.50     3.50  11
     7     1     1.4700    0.50     2.50  11
     8     1     2.3000    0.50     4.50  11
     9     1     2.7000    1.00     4.50  11
    10     1     2.7000    1.50     5.50  11
    11     1     2.7000    2.00     5.50  11
    12     1     2.7000    2.00     5.50  11
    13     1     1.4500    0.50     3.50  11
    14     1     2.3000    0.50     3.50  11
    15     1     2.0000    0.50     3.50  11
    16     1     2.0000    0.50     3.50  11
    17     1     2.0000    0.50     3.50  11
    18     1     2.0000    0.50     3.50  11
    19     1     1.7000    0.50     3.50  11
    51    21
     1     1    70.0000    5.00     5.50  11
     2     1    40.0000   17.00     5.50  11
     3     1    20.0000    1.00     2.00  11
     4     2    13.0000  169.00     4.00  11
     5     1     0.5000    1.00     1.00  11
     6     1     3.0000    1.00     2.50  11
     7     1     6.0000    1.00     4.00  11
     8     1    14.0000    1.00     3.50  11
     9     1    35.0000    1.00     2.00  11
    10     1    20.0000    1.00     2.50  11
    11     1    15.0000    1.00     1.00  11
    12     1     7.0000   10.00     3.00  11
    13     1    40.0000    1.00     2.50  11
    14     1    17.0000    1.00     1.50  11
    15     1    32.0000    1.00     2.50  11
    16     1    24.0000    1.00     2.50  11
    17     1    21.0000    1.00     4.00  11
    18     1    22.0000    1.00     3.50  11
    19     1    29.0000    1.00     3.50  11
    20     1     1.3000    1.00     5.00  11
    21     1     3.3000    1.00     3.50  11
    52    10
     1     1     0.8230    2.00     1.50   9
     2     2     2.0500    2.00     2.50   9
     3     1     5.0200    2.00     2.50   9
     4     1     0.2040    2.00     1.00   9
     5     2    12.9500    0.10     6.00   9
     6     2     5.4500    1.00     5.00   9
     7     1     1.0700    2.00     2.00   9
     8     2     3.3400    2.00     3.00   9
     9     1     0.2000    2.00     2.00   9
    10     2     4.4200    2.00     4.00   9
    53    55
     1     1     0.5300    2.00     1.40   9
     2     1     0.3400    3.50     1.80   9
     2     2     0.5600    3.80     2.00   9
     3     1     0.1900    2.30     1.20   9
     3     2     0.5800    3.60     2.10   9
     4     1     1.5000    1.60     1.40   9
     5     2     0.6500    4.30     1.80   9
     6     1     3.8000    1.30     2.50   9
     7     1     0.2600    2.70     1.10   9
     7     2     0.5000    2.00     1.60   9
     8     2     1.0000    3.50     1.80   9
     9     1     0.1600    3.50     1.00   9
     9     3     0.3700    3.50     1.90   9
    10     1     4.0000    1.00     1.80   9
    11     1     0.5000    0.70     0.80   9
    11     4     0.4100    3.00     1.90   9
    12     1     0.6000    0.40     0.60   9
    12     4     0.4100    2.50     1.50   9
    13     1     5.5000    1.00     1.50   9
    14     1    15.0000    2.00     2.70   9
    15     1    14.0000    1.00     2.50   9
    16     1    12.0000    0.20     2.40   9
    17     1     3.0000    5.50     2.00   9
    18     1     1.0000    1.20     2.50   9
    19     1     5.5000    0.20     2.50   9
    20     1     6.0000    1.60     2.50   9
    21     1     1.4000    2.50     1.90   9
    22     1     1.0000    6.00     2.00   9
    23     1     1.0000    2.00     2.00   9
    23     2     3.9000    0.60     2.00   9
    24     2     5.1000    0.10     1.60   9
    25     1    10.5000    2.00     2.40   9
    26     1     0.3000    4.00     0.35   9
    27     1     9.0000    1.40     2.50   9
    28     1    10.0000    1.80     2.50   9
    29     1     0.4600    3.50     2.50   9
    30     1     2.8000    3.30     2.90   9
    31     1     0.0400    0.20     2.50   9
    32     1     0.0300    0.20     2.50   9
    33     1     1.8000    1.00     2.00   9
    34     1     0.8000    4.00     1.05   9
    35     1     1.3000    2.00     2.00   9
    36     1    11.0000    3.00     2.20   9
    37     1     6.3000    0.10     1.40   9
    38     1     4.5000    2.00     2.00   9
    39     1    11.0000    1.00     2.00   9
    40     1     0.6000    3.00     2.00   9
    41     1     4.8000    1.50     2.20   9
    42     1     0.0400    1.50     2.00   9
    43     1     0.0200    2.00     1.30   9
    44     1     1.2400    1.50     2.00   9
    47     1     2.5000    2.00     1.20   9
    48     1     0.8300    3.00     1.50   9
    49     1     1.7000    2.00     2.00   9
    50     1     1.7000    0.80     2.00   9
    54    20
     1     1     0.3050    1.60     1.38   9
     2     1     0.5250    2.00     1.48   9
     3     1     1.5280    1.00     3.20   9
     4     1     0.3980    1.80     1.75   9
     5     1     0.5800    1.80     1.48   9
     6     1     2.7800    1.54     3.00   9
     7     1     0.0320    1.00     3.10   9
     8     1     0.4970    1.80     1.10   9
     9     1     0.7030    1.50     1.55   9
    10     1     3.8900    2.00     3.00   9
    11     1     0.0990    2.00     3.00   9
    13     1     0.6200    1.53     1.80   9
    14     1     0.8480    0.95     1.40   9
    15     1     4.9900    2.00     2.90   9
    16     1     0.2040    2.00     3.60   9
    17     1     2.3400    2.00     2.00   1
    19     1     0.7090    1.39     1.75   9
    20     1     1.0920    0.75     1.45   9
    21     1     6.0000    2.00     2.80   9
    22     1     0.3580    2.00     3.50   9
    55     9
     1     1     3.6000    4.00     2.95   9
     2     1     0.2720    1.70     1.70   9
     3     1     0.3100    1.25     1.70   9
     4     1     0.9600    2.00     3.10   9
     5     1     0.7200    2.00     3.70   9
     6     1     0.4400    2.00     1.60   9
     7     1     0.6500    1.00     2.00   9
     8     1     0.5700    2.00     2.50   9
    10     1     0.9970    2.00     3.00   9
    56    50
     1     1     2.2000    7.50     4.00  11
     2     1     0.2000    1.00     1.00  11
     3     1     0.2500    1.00     1.00  11
     4     1     0.2500    1.00     1.00  11
     5     1     0.2500    1.00     1.00  11
     6     1     0.5300    1.50     2.00  11
     7     1     0.5300    1.50     2.00  11
     8     1     0.5000    1.50     2.00  11
     9     1     0.3800    7.50     3.50  11
    10     1     0.5400    1.50     2.00  11
    11     1     0.4800    1.50     2.00  11
    12     1     0.0100    1.00     1.00  11
    13     1     0.0100    1.00     1.00  11
    14     1     0.0100    1.00     1.00  11
    15     1     0.3300    8.50     3.00  11
    16     1     0.9000    1.00     3.00  11
    17     1     0.7600    1.00     3.00  11
    18     1     0.0200    1.00     1.00  11
    19     1     0.7000    1.00     3.00  11
    20     1     0.8500    1.00     3.00  11
    21     1     0.7000    1.00     3.00  11
    22     1     0.7500    1.00     3.00  11
    23     1     0.0100    1.00     1.00  11
    24     1     0.0800   16.50     2.00  11
    25     1     0.0700    1.00     1.00  11
    26     1     0.0700    1.00     1.00  11
    27     1     0.0300    1.00     1.00  11
    28     1     0.0300    1.00     1.00  11
    29     1     0.4000    1.00     2.00  11
    30     1     0.3500    1.50     2.00  11
    31     1     0.4500    2.00     2.00  11
    32     1     0.6500    1.00     1.50  11
    33     1     0.6000    1.50     2.00  11
    34     1     0.7200    1.50     2.00  11
    35     1     0.7000    1.50     2.00  11
    36     1     0.7000    1.50     2.00  11
    37     1     0.2500    1.50     2.00  11
    38     1     0.0250    1.50     2.00  11
    39     1     0.0250    8.50     2.00  11
    40     1     1.2500    1.50     3.00  11
    41     1     1.2500    1.50     3.00  11
    42     1     1.2000    1.50     3.00  11
    43     1     1.2500    1.50     3.00  11
    44     1     0.0200    1.50     2.00  11
    45     1     1.1000    1.50     3.00  11
    46     1     0.0200    1.50     3.00  11
    47     1     1.1000    1.50     3.00  11
    48     1     0.6000    1.50     4.00  11
    49     1     0.5500    1.50     4.00  11
    50     1     0.0400    1.50     2.50  11
    59     1
     1     1     0.2850    7.79     1.60   4
    60    25
     1     1     0.6470    1.20     1.70   9
     2     1     0.4870    3.00     1.20   9
     3     1     0.2140    3.50     0.20   9
     4     1     1.8200    1.50     2.00   9
     5     1     0.2000    0.20     2.30   9
     5     2     0.8000    2.60     1.50   9
     6     1     2.6000    0.40     2.00   9
     7     1     0.1520    0.20     3.00   9
     7     2     0.6300    2.60     1.00   9
     8     1     3.1700    0.70     2.00   9
     9     1     0.6310    0.40     0.90   9
    10     1     0.5710    1.50     2.00   9
    11     1     0.4040    2.20     1.20   9
    12     1     0.3680    3.00     1.20   9
    13     1     0.4000    0.30     2.50   9
    13     2     2.2000    1.30     2.00   9
    14     1     9.6700    0.30     2.10   9
    15     1     0.8480    0.50     2.50   9
    15     2     2.6700    0.60     2.30   9
    16     1     0.2000    1.50     2.00   9
    16     2     3.1700    0.80     2.30   9
    17     1     5.2800    0.30     1.90   9
    18     1     7.9500    0.30     2.10   9
    19     1     1.5000    0.30     2.10   9
    19     2     3.2000    0.50     2.20   9
    61    19
     1     1     0.2960    1.80     1.60   9
     2     1     0.5570    2.13     2.00   9
     3     1     1.2800    0.01     2.30   9
     4     1     0.3870    1.68     1.80   9
     5     1     0.6110    1.94     1.80   9
     6     1     2.3000    2.06     3.30   9
     7     1     1.1900    2.00     4.30   9
     8     1     0.5580    1.55     1.90   9
     9     1     0.8300    1.30     1.60   9
    10     1     3.7000    1.59     2.70   9
    11     1     2.9400    1.60     3.50   9
    12     1     0.7800    1.70     2.00   9
    13     1     1.1800    1.00     1.55   9
    14     1     5.6400    2.00     2.80   9
    15     1     5.4700    2.00     3.35   9
    16     1     1.1100    1.30     1.75   9
    17     1     1.8000    1.00     1.65   9
    18     1     8.7100    1.00     2.20   9
    19     1     9.4700    1.00     2.50   9
    62    14
     1     1     3.2800    3.20     3.10   9
     2     1     0.2600    2.50     2.00   9
     3     1     0.2530    2.50     2.30   9
     4     1     0.4460    2.50     2.10   9
     5     1     0.4770    2.50     2.30   9
     6     1     0.4260    2.50     2.20   9
     7     1     0.4850    2.50     2.30   9
     8     1     0.4730    2.50     2.20   9
     9     2     0.6290    2.50     2.40   9
    10     2     0.8560    1.00     3.10   9
    11     1     0.8740    0.70     3.00   9
    12     1     0.8320    0.70     3.00   9
    13     1     0.8330    0.70     3.00   9
    14     1     0.8320    0.70     3.00   9
    63    18
     1     1     3.1400   71.00     2.50  11
     2     2     3.0000   96.00     2.50  11
     3     2     1.0000    1.00     1.00  11
     4     1     0.1000    1.00     1.00  11
     5     1     0.1000    1.00     1.00  11
     5     7     1.3000    1.00     1.50  11
     6     1    22.8000    2.00     3.00  11
     7     1    10.0000    2.00     2.00  11
     8     2    10.0000    1.00     3.00  11
     9     1    37.3000    1.50     2.00  11
    10     2     7.0000    1.50     2.00  11
    11     1    22.0000    2.00     3.50  11
    12     1     0.4800    4.50    10.00  11
    13     1     1.0000    1.00     1.00  11
    14     4     8.0000    1.00     0.50  11
    15     1    33.0000    1.50     2.50  11
    16     1    23.0000    1.50     2.00  11
    17     1    23.0000    2.00     2.00  11
    64    16
     1     1     6.7800    2.00     7.00   9
     2     1     3.0000    2.50     9.00   9
     2     2     7.9300    2.50     9.00   9
     3     1    19.4000    2.00     7.00   9
     4     1     3.4900    2.50     2.00   9
     4     4    18.1700    3.00     7.00   9
     5     2    22.2700    2.00     2.50   9
     6     1     6.2800    2.00     3.50   9
     6     4    26.0200    2.00     5.00   9
     7     2     0.8860    2.00     2.80   9
     8     1     7.5000    2.00     3.50   9
     8     4     8.0000    2.00     3.50   9
     9     1     0.7000    2.00     3.50   9
     9     2     0.6600    2.00     3.00   9
    10     1     8.4000    2.00     7.00   9
    10     3     3.8000    2.00     2.50   9
    65    16
     1     1     0.3630    2.00     2.00   9
     1     2     0.3640    2.00     2.00   9
     1     4     0.0900    4.00     1.75   9
     2     1     0.4320    2.00     2.00   9
     2     3     0.3600    2.00     2.00   9
     2     6     0.0810    2.00     4.00   9
     3     1     0.3490    2.00     2.00   9
     3     3     0.4300    2.00     2.00   9
     3     6     0.1000    9.00     5.55   9
     4     1     2.5000    2.00     2.70   9
     5     1     2.0000    2.00     2.70   9
     6     1     3.1800    2.00     3.00   9
     7     1     3.1400    2.00     3.00   9
     8     2     0.8300    2.00     4.00   9
     8     4     0.0600    0.50     3.00   9
     9     1    25.9000    3.00     0.00   9
    66     2
     1     1     0.3900    2.00     2.00   9
     1     3     0.4000    2.00     1.65   9
    67    14
     1     1     0.4800    1.45     1.47   9
     2     1     0.3500    9.45     2.50   9
     3     1     0.2400   18.00     2.70   9
     4     1     0.4000   11.00     2.30   9
     5     1     0.8200    3.50     2.20   9
     6     1     1.2900    0.80     2.30   9
     7     2     0.9000    1.85     1.80   9
     8     1     1.6900    1.10     1.80   9
     9     1     0.3600    2.00     2.00   9
    10     1     0.3000    2.00     2.00   9
    11     2     1.7200    1.10     2.70   9
    12     2     1.7000    1.30     2.40   9
    13     2     1.2000    2.00     2.00   9
    14     1     0.4000    4.50     2.00   9
    68    17
     1     1     0.2390    1.14     1.38   9
     2     1     0.4480    1.55     1.82   9
     3     1     0.6900    1.40     3.60   9
     4     1     0.3300    1.28     1.71   9
     5     1     0.5400    1.28     1.68   9
     6     1     1.2500    1.40     3.00   9
     7     1     0.0150    1.70     3.65   9
     8     1     0.4300    1.14     1.72   9
     9     1     0.6400    1.25     1.70   9
    10     1     1.7500    1.40     2.73   9
    11     1     0.0470    1.70     3.65   9
    13     1     0.5400    1.14     1.78   9
    14     1     0.7800    1.23     1.75   9
    15     1     2.2400    1.40     2.60   9
    16     1     0.0960    1.70     3.40   9
    17     1     2.7500    1.14     2.36   9
    18     1     0.1600    1.70     3.35   9
    69    13
     1     1     2.3800    2.75     2.83   9
     2     1     0.2200    1.90     2.05   9
     3     1     0.2200    1.90     2.10   9
     4     1     0.4300    2.47     2.45   9
     5     1     0.4300    2.04     2.36   9
     6     1     0.4000    1.90     2.23   9
     7     1     0.4500    1.90     2.33   9
     8     1     0.4400    1.90     2.33   9
     9     1     0.5300    2.35     2.60   9
    10     1     0.8800    1.00     3.25   9
    11     1     0.6900    1.30     3.30   9
    12     1     0.6600    1.30     3.40   9
    13     1     0.7200    1.30     3.45   9
    77    16
     1     1    28.0000    9.50     6.00  11
     2     4     3.0000    2.50     1.00  11
     3     1     6.0000    2.50     2.50  11
     4     1     0.3000    2.50     1.00  11
     5     1     0.2500    2.50     1.00  11
     6     1     8.5000    2.50     2.50  11
     7     1     8.5000    2.50     2.50  11
     8     1     8.5000    2.50     2.50  11
     9     1     0.7000    2.50     1.00  11
    10     1     8.5000    1.00     1.50  11
    11     1     7.5000    1.00     1.50  11
    12     2    11.5000    1.00     1.50  11
    13     1     3.2000   -0.50     1.50  11
    14     1     3.2000   -0.50     1.50  11
    15     1     3.5000   -0.50     1.50  11
    16     1     5.5000   -0.50     1.50  11
    78    13
     1     1     1.0000    4.00     2.50  11
     2     1     1.0000    4.00     2.50  11
     3     1     1.0000    4.00     2.50  11
     4     4     0.6000   16.00     3.00  11
     5     4     7.9000    2.50     2.50  11
     6     1    14.7000    0.50     2.50  11
     7     1    14.7000    0.50     2.50  11
     8     1     0.1900    4.50     2.00  11
     9     1     0.1900    4.50     2.00  11
    10     2     1.2000   14.00     2.00  11
    11     2    10.0000    1.00     2.50  11
    12     2     3.0000    1.00     2.50  11
    13     2     0.3000    0.50     0.50  11
    79    11
     1     1     0.6500   16.00     3.00  11
     2     1     0.6500   16.00     3.00  11
     3     1     0.5000   16.00     2.50  11
     4     9     0.1600   80.00     3.50  11
     5     9     0.1200   99.00     3.00  11
     6     1     2.5000    2.50     2.50  11
     7     9     0.3000   24.00     2.50  11
     8     1     6.5000    2.50     3.50  11
     9     1     0.1800    2.00     1.50  11
    10     1     0.1800    2.00     1.50  11
    11     1     0.1800    2.00     1.50  11
    80    40
     1     1     0.6000    6.50     2.00  11
     2     1     0.6700    6.50     2.00  11
     3     1     0.7000    6.50     2.00  11
     4     2     1.1000    6.50     4.00  11
     5     2     0.9800    4.50     2.00  11
     6     2     0.1200   63.00     2.50  11
     7     1     1.1000    6.00     2.50  11
     8     1     1.8200    0.50     1.50  11
     9     2     0.0600   99.00     2.00  11
    10     3     0.0600   99.00     2.00  11
    11     1     1.8200    0.50     1.50  11
    12     1     1.9200    0.50     1.50  11
    13     3     0.2300   32.00     2.50  11
    14     1     2.2000    0.50     1.50  11
    15     1     2.2000    0.50     1.50  11
    16     2     3.0000   32.00     4.00  11
    17     2     4.7000    0.50     3.00  11
    18     7     1.5000    0.50     2.50  11
    19     2     4.9000    0.50     3.00  11
    20     2     6.2000    0.50     3.00  11
    21     1     2.8000    1.50     3.00  11
    22     1     0.2000    1.00     1.00  11
    23     2     6.1100    0.50     3.00  11
    24    10     1.8000    0.50     2.00  11
    25     7     1.5000    0.50     2.00  11
    26     3     8.0000    0.50     3.00  11
    27     1     0.3800    1.00     1.00  11
    28     1     0.6000    5.00     2.50  11
    29     3     5.5000    5.50     4.00  11
    30     2     3.8000    5.50     4.00  11
    31     1     0.3500    2.00     1.50  11
    32     1     0.2500    3.00     1.50  11
    33     3     3.3000    6.00     3.50  11
    34     1     0.2900    2.00     1.50  11
    35     2     5.0000    6.00     4.00  11
    36     2     5.0000    6.00     4.00  11
    37     3     6.0000    6.00     4.00  11
    38     1     0.2700    3.00     2.00  11
    39     2     4.0000    6.00     3.50  11
    40     2     4.0000    6.00     3.50  11
    81    42
     1     1     0.4000   11.50     3.00  11
     2     2     0.5000   11.50     3.00  11
     3     2     0.6000   11.50     3.00  11
     4     2     0.6000   11.50     3.00  11
     5     2     0.1000   80.00     3.00  11
     6     1     0.7500    3.50     2.00  11
     7     4     2.0000    4.50     3.00  11
     8     5     2.0000    4.50     3.00  11
     9     2     1.5000    4.50     3.00  11
    10     4     2.2000    4.50     3.00  11
    11     2     1.0000    5.50     2.50  11
    12     2     1.0000    5.50     2.50  11
    13     2     1.0000    5.50     2.50  11
    14     1     0.2500    1.00     1.00  11
    15     2     0.2300   27.00     2.50  11
    16     2     0.1800   27.00     2.00  11
    17     2     1.3000    2.50     2.50  11
    18     3     0.2200   22.00     2.00  11
    19     3     0.3200   32.00     3.00  11
    20     3     6.2000   32.00     3.00  11
    21     1     2.8000    0.00     1.50  11
    22     2     0.2000    1.00     1.50  11
    23     2     6.1100    1.00     1.50  11
    24     2     1.8000   41.00     2.50  11
    25     2     1.5000   43.00     2.00  11
    26     2     8.0000   43.00     2.00  11
    27     2     0.3800   43.00     2.00  11
    28     2     0.6000   41.00     2.00  11
    29     2     5.5000   41.00     2.00  11
    30     3     3.8000   59.00     2.50  11
    31     2     0.3500   20.00     3.50  11
    32     2     0.2500   20.00     3.50  11
    33     2     3.3000   20.00     3.50  11
    34     2     0.2900   20.00     3.00  11
    35     2     5.0000    1.00     2.50  11
    36     3     5.0000    1.00     1.00  11
    37     3     6.0000    1.00     1.00  11
    38     2     0.2700    2.50     3.00  11
    39     3     0.5000    1.00     1.00  11
    40     3     3.6000    7.00     2.50  11
    41     3     2.0000    7.00     2.50  11
    42     3     2.5000    7.00     2.50  11
    82    47
     1     1     0.3500    2.50     2.50  11
     2     1     0.5300    2.50     2.50  11
     3     1     0.5300    3.00     2.50  11
     4     2     0.7500    3.00     2.50  11
     5     2     0.7500    3.50     2.50  11
     6     2     0.7500    3.50     2.50  11
     7     1     0.6100    0.50     1.50  11
     8     1     0.5200    6.50     3.00  11
     9     2     0.7500    6.50     3.00  11
    10     2     0.8000    6.50     3.00  11
    11     2     0.8500    6.50     3.00  11
    12     2     0.8500    6.50     3.00  11
    13     1     0.2800    0.50     0.50  11
    14     1     0.2500    0.50     0.50  11
    15     2     0.9000    6.50     3.00  11
    16     2     1.0000    6.50     3.00  11
    17     1     0.4000    1.00     1.00  11
    18     1     0.4500    1.00     1.00  11
    19     1     1.0000    2.00     3.00  11
    20     1     1.0000    2.00     3.00  11
    21     3     4.8000    3.00     3.00  11
    22     2     0.4000    1.00     1.00  11
    23     2     0.4000    1.00     1.00  11
    24     3     4.8000    3.00     3.00  11
    25     3     4.8000    3.00     3.00  11
    26     3     0.8000    3.00     3.00  11
    27     2     0.5000    3.00     1.50  11
    28     2     0.5000    3.00     1.50  11
    29     2     0.4500    3.00     1.50  11
    30     2     0.3000    3.00     1.50  11
    31     3     5.2000    3.50     3.00  11
    32     2     0.4000    3.00     1.50  11
    33     2     0.6000    3.00     2.00  11
    34     2     2.6000    2.50     3.00  11
    35     2     2.6000    3.00     3.00  11
    36     2     2.2000    3.00     3.00  11
    37     2     2.0000    4.00     3.00  11
    38     2     2.0000    4.00     3.00  11
    39     2     2.3000    4.00     3.00  11
    40     1     0.1000    1.00     1.00  11
    41     1     0.3000    1.00     1.00  11
    42     1     0.0500    1.50     1.00  11
    43     1     0.0500    1.50     1.00  11
    44     1     0.0500    1.50     1.00  11
    45     1     0.1500    1.50     1.50  11
    46     1     0.5000    1.50     1.50  11
    47     1     0.5000    1.50     1.50  11
    83    14
     1     1     0.1800    1.00     1.50  11
     2     1     0.3200    1.50     2.00  11
     3     1     0.3800    1.50     3.50  11
     4     1     0.2500    1.00     1.50  11
     5     1     0.4100    1.50     2.00  11
     6     1     0.6900    1.50     3.00  11
     7     1     0.0085    1.50     3.50  11
     8     1     0.3300    1.00     2.00  11
     9     1     0.5200    1.50     2.00  11
    10     1     0.9700    1.50     3.00  11
    11     1     0.0260    1.50     3.50  11
    13     1     1.3000    1.50     2.50  11
    14     1     1.5000    1.50     2.50  11
    15     1     1.9000    1.50     2.50  11
    90    15
     1     1     4.0000    4.00     4.00  11
     2     1    18.0000    3.50     3.50  11
     3     1    27.0000    2.00     2.50  11
     4     1    37.0000    3.00     2.50  11
     5     1    50.0000    3.00     4.00  11
     6     1     1.0000   20.00     2.00  11
     7     1    10.0000    1.00     2.00  11
     8     1    10.0000    1.00     2.00  11
     9     1    15.0000    1.00     3.00  11
    10     1    20.0000    3.00     3.00  11
    11     1    20.0000    3.00     3.00  11
    12     1    15.0000    5.00     3.00  11
    13     1     7.0000    4.00     2.00  11
    14     1    14.0000    0.50    13.00  11
    15     1    45.0000    0.50     3.00  11
    91    27
     1     1     0.4000    0.00     0.20  11
     2     1     7.3500    3.50     3.00  11
     3     1     3.3700    1.50     4.00  11
     4     1     0.1600    1.50     3.50  11
     5     1     2.3000    1.50     3.50  11
     6     1     6.4800    1.50     3.50  11
     7     1     5.0000    1.50     4.00  11
     8     1     0.1300    2.00     3.50  11
     9     1     0.7300    2.00     3.50  11
    10     1     9.9000    0.00     1.50  11
    11     1    11.4000    0.00     2.50  11
    12     1     4.8000    1.50     5.00  11
    13     1     0.1080    1.00     3.00  11
    14     1     0.1180    1.00     3.00  11
    15     1    13.9000    1.50     3.00  11
    16     1    16.6000    2.00     3.50  11
    17     1    10.5000    2.00     4.50  11
    19     1     5.0000    1.00     3.00  11
    20     1     0.0380    1.00     3.00  11
    21     1    18.6000    1.50     3.00  11
    22     1    22.3500    1.50     3.00  11
    23     1    16.8800    2.00     4.00  11
    24     1     0.0740    1.00     3.00  11
    25     1     0.3100    0.50     8.00  11
    26     1    23.5000    1.50     3.00  11
    27     1    28.5000    1.50     3.00  11
    28     1    24.0000    1.50     3.50  11
    92    15
     1     1     9.0000    0.50     8.50  11
     2     1     8.7000    1.50     2.50  11
     3     1     5.3000    1.50     2.00  11
     4     1     4.5000    2.00     2.00  11
     5     1     4.7000    2.00     2.00  11
     6     1     4.7000    1.50     2.00  11
     7     1     0.2200    2.00     1.50  11
     8     1     0.2300    2.00     1.50  11
     9     1     0.7000    0.00     2.00  11
    10     1     0.6500    0.00     2.00  11
    11     1     3.5000    0.00     1.50  11
    12     1     0.7000    2.00     4.00  11
    13     1     1.0000    2.00     4.50  11
    14     1     0.5000    2.00     3.50  11
    15     1     1.2000    2.00     4.50  11
    93    48
     1     1     0.5500   23.00     3.50  11
     2     5     6.0000    0.00     2.00  11
     3     1    12.0000    0.50     4.50  11
     4     1     9.0000    0.50     2.50  11
     5     1     0.1300   25.00     1.50  11
     6     1     8.7000    1.00     3.00  11
     7     1     8.7000    1.00     3.00  11
     8     1     8.7000    1.00     3.00  11
     9     2    11.0000    0.50     2.50  11
    10     2    11.0000    0.50     2.50  11
    11     2    13.0000    0.50     2.50  11
    12     1     0.3000    0.00     0.50  11
    13     2    15.0000    1.00     3.00  11
    14     1     4.5000    1.00     2.00  11
    15     2     1.5000    1.00     2.00  11
    16     3     0.1000   65.00     2.00  11
    17     2     0.7000    4.00     0.50  11
    18     1     0.2500    1.50     1.50  11
    19     3     0.4000    1.50     1.50  11
    20     1     0.2100    3.50     2.50  11
    21     1     0.2300    0.50     1.00  11
    22     1     0.3000    0.50     1.00  11
    23     1     0.2300    0.50     1.00  11
    24     1     0.2300    0.50     1.00  11
    25     2     0.3300    0.50     1.50  11
    26     2     0.3300    0.50     1.50  11
    27     2     0.4000    1.00     1.50  11
    28     3     0.3500    1.00     1.50  11
    29     1     1.1500    4.00     2.00  11
    30     1     1.8000    4.00     3.00  11
    31     1     1.8000    4.00     2.50  11
    32     1     1.8000    4.00     3.00  11
    34     1     1.8000    0.00     0.00  11
    35     1     0.6000    0.00     0.00  11
    37     1     0.5000    0.00     0.50  11
    38     1     1.5000    0.00     0.00  11
    39     2     2.0000    0.00     0.50  11
    40     2     1.5000    0.50     0.50  11
    41     2     1.7000    0.00     0.50  11
    42     2     1.7000    0.00     0.50  11
    43     2     1.8000    0.00     0.50  11
    44     4    18.0000    0.00     2.00  11
    45     1     1.0000    0.00     2.00  11
    46     1     1.0000    0.00     2.00  11
    47     1     1.3000    0.00     2.50  11
    48     1     1.3000    0.00     2.50  11
    49     1     1.5000    0.00     2.00  11
    50     4    55.0000    0.00     2.00  11
    94    50
     1     1     0.8900   11.50     3.50  11
     2     2     0.8900   11.50     3.50  11
     3     2     0.8900   11.50     3.50  11
     4     4     0.7000   21.00     3.50  11
     5     4     0.7000   21.00     3.50  11
     6     1     2.2000    2.50     3.50  11
     7     2     1.8400    4.50     3.50  11
     8     2     1.2000    7.50     3.00  11
     9     3     2.2300    3.50     3.50  11
    10     2     2.7300    2.50     3.50  11
    11     2     2.8000    2.50     3.50  11
    12     2     2.6000    2.50     3.00  11
    13     2     3.0000    2.50     3.50  11
    14     3     3.0000    2.50     3.50  11
    15     3     2.7000    2.50     3.00  11
    16     2     3.2700    2.50     3.50  11
    17     2     3.9000    2.50     3.50  11
    18     2     3.9000    2.50     4.00  11
    19     2     2.7000    1.50     3.00  11
    20     1     4.2000    1.50     3.00  11
    21     3     5.7000    1.50     3.50  11
    22     3     7.7000    1.50     4.00  11
    23     1     0.2300    4.50     3.00  11
    24     3     7.7000    0.50     3.00  11
    25     1     0.2300    4.50     3.00  11
    26     2     0.2600    4.00     3.00  11
    27     2     0.2600    4.00     3.00  11
    28     3     0.2600    4.00     2.50  11
    29     3     0.2600    4.00     2.50  11
    30     1     0.2600    4.00     2.50  11
    31     1     0.2600    4.00     2.50  11
    32     2     0.2600    5.00     2.50  11
    33     2     0.2600    5.00     2.50  11
    34     2     0.9000    5.00     2.50  11
    35     2     6.9000    5.00     3.00  11
    36     2     0.2900    5.00     2.50  11
    37     2     1.0000    5.00     3.00  11
    38     3     0.3500    5.00     2.50  11
    39     3     0.7000    5.00     2.50  11
    40     4     0.9000    5.00     3.50  11
    41     3     1.0000    5.00     2.50  11
    42     3     4.0000    5.00     2.50  11
    43     3     0.3500    5.00     2.50  11
    44     1     1.5000    0.00     0.50  11
    45     4     0.5000    1.00     1.50  11
    46     4     0.5000    1.00     1.50  11
    47     4     0.9000   53.00     3.50  11
    48     1     1.4000    2.50     2.50  11
    49     3     0.5000    1.00     1.00  11
    50     4     0.5000    1.00     1.00  11
    95     7
     1     1     1.4000    5.00     3.50  11
     2     1     1.2000    5.00     3.00  11
     3     1     1.0000    7.00     3.00  11
     4     1     0.5000   17.00     3.00  11
     5     1     0.5000   17.00     3.00  11
     6     1     0.5000   16.00     3.00  11
     7     1     0.3000   26.00     3.00  11
   119     7
     1     1     0.0040    2.00     2.00   6
     2     1     1.3720    2.00     2.00   6
     3     1     0.0030    2.00     2.00   6
     4     1     0.5880    2.00     2.00   6
     5     1     0.8820    2.00     2.00   6
     6     2     0.2940    2.00     2.00   6
     7     3     1.0780    2.00     2.00   6
   120    24
     1     1     2.5000    2.00     2.00   9
     1     4     6.7700    2.00     0.90   9
     2     2     2.5900    2.00     2.00   9
     2     5     6.4100    3.50     1.60   9
     3     1     3.4100    2.00     2.00   9
     3     4     2.9600    2.00     2.00   9
     3     6     2.7000    3.50     1.80   9
     4     1     1.9700    2.00     2.00   9
     4     4     2.7300    2.00     2.00   9
     4     6     4.3000    3.50     1.80   9
     5     1     2.2100    2.00     2.00   9
     5     4     2.9700    2.00     2.00   9
     5     6     3.4100    2.00     2.00   9
     6     1     0.1700    2.00     2.00   9
     7     4     5.0400    2.00     2.00   9
     7     6     4.1400    2.00     0.90   9
     8     2     2.1300    2.00     2.00   9
     8     3     2.4600    2.00     2.00   9
     8     6     2.6400    2.00     2.00   9
     9     4     1.3600    2.00     2.00   9
     9     5     4.0500    2.00     2.00   9
     9     6     3.7200    2.00     2.00   9
    10     5     7.1500    2.00     1.00   9
    10     7     2.1900    2.00     0.90   9
   121    22
     1     1     0.1800    2.00     2.00   6
     2     1     0.2710    2.00     2.00   6
     2     3     0.3970    2.00     2.00   6
     2     5     0.1700    2.00     2.00   6
     2    13     0.1800    2.00     2.00   6
     3     1     0.0900    2.00     2.00   6
     3     2     0.0770    2.00     2.00   6
     3     4     0.1090    2.00     2.00   6
     3    13     0.0840    2.00     2.00   6
     4     1     0.1510    2.00     2.00   6
     4     5     0.1550    2.00     2.00   6
     4     8     0.1880    2.00     2.00   6
     4    14     0.1080    2.00     2.00   6
     5     3     0.3280    2.00     2.00   6
     5     5     0.1410    2.00     2.00   6
     5     9     0.2490    2.00     2.00   6
     5    15     0.0640    2.00     2.00   6
     7     2     0.4190    2.00     2.00   6
     8     2     0.0540    2.00     2.00   6
     8     4     0.1260    2.00     2.00   6
     8     6     0.0540    2.00     2.00   6
     8    10     0.0660    2.00     2.00   6
   122    87
     1     1     6.1920    2.00     1.87   9
     2     1     0.3500    2.00     2.00   9
     2     2     0.3500    2.00     2.00   9
     2     4     1.6100    2.00     2.00   9
     3     1     1.9600    2.00     2.00   9
     3     3     1.8700    2.00     2.00   9
     3     4     2.2700    2.00     1.90   9
     4     1     2.0000    2.00     2.00   9
     4     2     2.0600    2.00     2.00   9
     4     3     1.0200    2.00     2.00   9
     4     4     0.7900    2.00     2.00   9
     5     1     2.0000    2.00     2.00   9
     5     2     1.3600    2.00     2.00   9
     5     4     1.8200    2.00     2.00   9
     5     5     0.7000    2.00     2.00   9
     6     1     4.0100    2.00     2.00   9
     6     5     1.6000    2.00     2.00   9
     6     6     0.3800    2.00     1.80   9
     7     1     2.2990    2.00     2.00   9
     7     2     1.2310    2.00     2.00   9
     7     4     1.4700    2.00     2.00   9
     7     6     0.8690    2.00     2.00   9
     9     4     6.0500    2.00     1.80   9
    10     1     1.8690    2.00     2.00   9
    10     3     2.5200    2.00     2.00   9
    10     6     1.6100    2.00     1.80   9
    11     4     4.0880    2.00     2.00   9
    11     5     1.6500    2.00     2.00   9
    11     7     0.1800    2.30     2.00   9
    12     1     3.9900    2.00     2.00   9
    12     2     1.1500    2.00     2.00   9
    12     7     0.7200    2.00     1.70   9
    13     1     2.0000    2.00     2.00   9
    13     6     3.4600    2.00     2.00   9
    13     7     0.5400    2.00     1.80   9
    14     5     4.9700    2.00     2.00   9
    14     7     0.9300    2.00     1.70   9
    15     1     0.4000    2.00     2.00   9
    15     6     2.5900    2.00     2.00   9
    15     7     3.0300    2.00     1.65   9
    16     7     5.1450    2.00     1.60   9
    17     9     4.9000    2.00     2.00   9
    18    11     5.0200    2.00     2.00   9
    19    10     4.8500    2.00     2.00   9
    20     9     2.6800    2.00     2.00   9
    20    10     1.0000    2.00     2.00   9
    20    11     1.1000    2.00     2.00   9
    21     9     2.6800    2.00     2.00   9
    21    11     2.3600    2.00     2.00   9
    22     9     2.5200    2.00     2.00   9
    22    10     1.0300    2.00     2.00   9
    22    11     1.3300    2.00     1.90   9
    23    11     4.8800    2.00     2.00   9
    24     4     0.2400    2.00     2.00   9
    24    10     4.5700    2.00     2.00   9
    25     4     0.1160    2.00     2.00   9
    25    11     1.2760    2.00     2.20   9
    26     3     0.2500    2.00     2.00   9
    26    10     4.8500    2.00     2.00   9
    27     4     0.2540    2.00     2.00   9
    27    11     4.7220    2.00     2.00   9
    28     4     0.1300    2.00     2.00   9
    28    11     1.3300    2.00     2.20   9
    29     6     0.2540    2.00     2.00   9
    29    12     4.5100    2.00     1.80   9
    30     6     0.2620    2.00     2.00   9
    30    12     4.7000    2.00     1.90   9
    31     1     0.1760    2.00     1.50   9
    32    14     4.7190    2.00     1.80   9
    33     1     0.1580    1.80     1.45   9
    34     1     0.1710    1.20     1.10   9
    35     1     0.1560    2.00     1.50   9
    36    12     5.0200    2.00     1.80   9
    37     1     0.1470    2.00     1.40   9
    38     1     0.1410    2.00     1.50   9
    39     1     0.1600    1.60     1.20   9
    40     1     0.1720    1.70     1.50   9
    41     1     0.1700    1.10     1.15   9
    42     2     0.1270    2.00     2.00   9
    43     2     0.1700    1.40     1.40   9
    44     3     0.1700    2.00     1.50   9
    45     2     0.1600    2.00     1.50   9
    46     1     0.1610    2.00     1.45   9
    47     1     0.1580    2.00     1.40   9
    48     1     0.1480    2.00     1.30   9
    49     1     0.1400    2.00     2.00   9
    50     2     0.1570    2.00     1.50   9
   123    53
     1     1     5.5800    2.00     2.70   9
     2     1     6.0000    2.00     2.70   9
     3     1     3.8500    2.00     2.00   9
     3     3     1.4400    2.00     2.50   9
     4     1     4.7200    2.00     2.00   9
     4     2     1.0000    2.00     2.80   9
     5     1     4.7900    2.00     2.00   9
     5     2     0.4000    2.00     2.00   9
     5     3     0.2000    2.00     2.00   9
     5     4     0.2100    2.00     2.00   9
     6     1     0.6700    2.00     2.00   9
     6     3     1.3000    2.00     3.50   9
     7     1     2.0000    2.00     2.00   9
     7     2     1.4500    2.00     2.00   9
     7     3     2.2200    2.00     2.60   9
     8     1     1.3500    2.00     2.00   9
     8     2     2.0800    2.00     2.00   9
     8     3     2.0100    2.00     2.00   9
     8     4     0.7400    2.00     2.90   9
     9     1     0.2000    2.00     2.60   9
     9     6     2.5000    2.00     2.50   9
    10     1     0.2100    2.00     2.00   9
    10     6     2.7000    2.00     2.70   9
    11     1     0.2000    2.00     2.00   9
    11     6     2.6000    2.00     2.55   9
    12     1     0.2100    2.00     2.00   9
    12     6     2.7500    2.00     2.70   9
    13     1     0.1900    2.00     2.00   9
    13     6     2.6800    2.00     2.70   9
    14     3     0.2170    2.00     2.00   9
    14     6     2.6200    2.00     2.40   9
    15     4     0.2200    2.00     2.00   9
    15     6     2.6300    2.00     2.50   9
    16     1     0.1900    2.00     2.00   9
    17     1     0.1800    2.00     2.00   9
    18     3     0.1750    2.00     2.00   9
    19     1     0.1700    2.00     2.00   9
    20     2     0.1790    2.00     2.00   9
    21     3     0.1560    2.00     2.00   9
    22     3     0.1900    2.00     2.00   9
    23     1     0.1900    2.00     2.20   9
    24     1     0.1800    2.00     2.00   9
    25     1     0.1760    2.00     2.00   9
    26     1     0.1900    2.00     2.00   9
    27     3     0.1760    2.00     2.00   9
    28     1     0.1880    2.00     2.00   9
    29     1     0.1900    2.00     2.00   9
    30     3     0.1520    2.00     2.00   9
    31     3     0.1180    2.00     2.40   9
    32     3     0.1610    2.00     2.00   9
    34     3     0.1740    2.00     2.00   9
    36     4     0.1850    2.00     2.00   9
    37     6     0.0150    2.00     3.40   9
   124    25
     1     1     2.5000    1.00     2.50  11
     2     1     2.5000    1.00     2.50  11
     3     1     2.8000    1.00     3.00  11
     4     1     2.8000    1.00     3.00  11
     5     1     2.8000    2.00     3.00  11
     6     1     0.1000    1.00     1.00  11
     7     1     0.2000    1.00     3.00  11
     8     2     8.0000    4.50     3.00  11
     9     2     8.0000    4.50     3.00  11
    10     2     8.0000    5.00     3.00  11
    11     2     8.0000    5.00     3.00  11
    12     2     8.0000    5.00     3.00  11
    13     2     8.5000    5.00     3.00  11
    14     2     8.5000    5.00     3.00  11
    15     1     0.3000    1.00     3.00  11
    15     2     4.0000    4.50     3.00  11
    16     1     0.3000    1.00     3.00  11
    16     2     4.0000    4.50     3.00  11
    17     2     8.5000    5.00     3.00  11
    18     2     8.5000    5.00     3.00  11
    19     1     0.3000    1.00     3.00  11
    19     2     4.5000    4.50     3.00  11
    20     2     9.5000    5.00     3.00  11
    21     2     9.5000    5.00     3.00  11
    22     2     9.5000    5.00     3.00  11
   125    46
     1     1     0.8000    1.00     2.00  11
     1     2     2.0000    1.00     1.50  11
     2     1     0.0010    1.00     1.00  11
     2     2     5.5000    1.50     3.00  11
     3     1     0.0800    5.00     2.00  11
     4     1     0.0010    1.00     1.00  11
     4     3     5.5000    1.00     2.50  11
     5     1     0.0010    1.00     1.00  11
     5     2     5.5000    1.00     2.50  11
     6     1     0.0010    1.00     1.00  11
     7     1     0.0010    1.00     1.00  11
     8     1     0.0010    1.00     1.00  11
     9     1     0.0010    1.00     1.00  11
    10     1     0.0010    1.00     1.00  11
    11     1     0.0010    1.00     1.00  11
    12     1     0.0010    1.00     1.00  11
    13     1     0.0010    1.00     1.00  11
    14     1     0.0010    1.00     1.00  11
    15     1     0.0010    1.00     1.00  11
    16     1     0.0010    1.00     1.00  11
    17     1     0.0010    1.00     1.00  11
    18     1     0.7000    7.50     1.00  11
    19     1     0.0010    1.00     1.00  11
    20     1     0.2000    1.00     1.00  11
    21     1     0.0100    1.00     1.00  11
    22     1     0.0100    1.00     3.00  11
    23     1     0.8000    1.00     2.00  11
    24     1     0.2000    1.00     3.00  11
    25     1     0.3000    5.00     2.00  11
    26     1     0.4000    2.00     2.50  11
    27     1     0.0010    1.00     1.00  11
    28     1     0.0300    1.00     1.00  11
    29     1     0.0010    1.00     1.00  11
    30     1     0.0020    1.00     1.00  11
    31     1     0.0010    1.00     1.00  11
    32     1     0.0010    1.00     1.00  11
    33     1     0.7000    2.00     2.00  11
    34     1     0.0010    1.00     1.00  11
    35     1     0.0010    1.00     1.00  11
    36     1     0.0010    1.00     1.00  11
    37     1     0.0010    1.00     1.00  11
    38     1     0.0010    1.00     1.00  11
    39     1     0.7500    1.00     3.00  11
    40     1     0.0010    1.00     1.00  11
    41     1     0.0100    1.00     1.00  11
    42     1     0.0100    1.00     1.00  11
