NPMAX  :      3373
NPIC   :        67
       1   6   5  200    1  -.878463E+00    2342                                
       2   6   5  200    2  -.726103E+00    2475                                
       3   6   5  200    3  -.358698E+00    2612                                
       4   6   5  200    4  -.212546E+00    2640                                
       5   6   5  200    5  -.140431E+00    2755                                
       6   6   5  200    6  -.996703E-01    2880                                
       7   6   5  200    7  -.744133E-01    2903                                
       8   6   5  200    8  -.576934E-01    2914                                
       9   6   5  200    9  -.460643E-01    2940                                
      10   6   5  210    1  -.756783E+00    2332                                
      11   6   5  210    2  -.128259E+00    3091                                
      12   6   5  211    1  -.178749E+01    1922                                
      13   6   5  211    2  -.597150E+00    2908                                
      14   6   5  211    3  -.309552E+00    3080                                
      15   6   5  211    4  -.234667E+00    3295                                
      16   6   5  211    5  -.185454E+00    3086                                
      17   6   5  211    6  -.143240E+00    3077                                
      18   6   5  211    7  -.124006E+00    3154                                
      19   6   5  211    8  -.907106E-01    3066                                
      20   6   5  211    9  -.686667E-01    3065                                
      21   6   5  211   10  -.537244E-01    3014                                
      22   6   5  211   11  -.431638E-01    2991                                
      23   6   5  220    1  -.109621E+01    2163                                
      24   6   5  220    2  -.470586E+00    3312                                
      25   6   5  220    3  -.260321E+00    3292                                
      26   6   5  220    4  -.165364E+00    3132                                
      27   6   5  220    5  -.114575E+00    3110                                
      28   6   5  220    6  -.845296E-01    3109                                
      29   6   5  220    7  -.692479E-01    3211                                
      30   6   5  220    8  -.619130E-01    3268                                
      31   6   5  220    9  -.498182E-01    3216                                
      32   6   5  220   10  -.404354E-01    3176                                
      33   6   5  221    1  -.394402E+00    2771                                
      34   6   5  231    1  -.252276E+00    3373                                
      35   6   5  231    2  -.161329E+00    3205                                
      36   6   5  231    3  -.111960E+00    3191                                
      37   6   5  231    4  -.822034E-01    3176                                
      38   6   5  231    5  -.629011E-01    3148                                
      39   6   5  231    6  -.496753E-01    3149                                
      40   6   5  231    7  -.402202E-01    3137                                
      41   6   5  240    1  -.160394E+00    2782                                
      42   6   5  240    2  -.111387E+00    2744                                
      43   6   5  240    3  -.818261E-01    2729                                
      44   6   5  240    4  -.626406E-01    2751                                
      45   6   5  240    5  -.494884E-01    2766                                
      46   6   5  240    6  -.400819E-01    2774                                
      47   6   5  251    1  -.111246E+00    2411                                
      48   6   5  251    2  -.817386E-01    2479                                
      49   6   5  251    3  -.625825E-01    2527                                
      50   6   5  251    4  -.494477E-01    2554                                
      51   6   5  251    5  -.400522E-01    2543                                
      52   6   5  260    1  -.817158E-01    2022                                
      53   6   5  260    2  -.625645E-01    2042                                
      54   6   5  260    3  -.494341E-01    2056                                
      55   6   5  260    4  -.400418E-01    2050                                
      56   6   5  271    1  -.625625E-01    1502                                
      57   6   5  271    2  -.494322E-01    1511                                
      58   6   5  271    3  -.400401E-01    1485                                
      59   6   5  280    1  -.494321E-01    1413                                
      60   6   5  280    2  -.400400E-01    1382                                
      61   6   5  400    1  -.547284E+00     998                                
      62   6   5  401    1  -.905260E+00     766                                
      63   6   5  410    1  -.184011E+01     419                                
      64   6   5  410    2  -.530449E+00    1082                                
      65   6   5  411    1  -.709548E+00    1037                                
      66   6   5  420    1  -.574485E+00    1181                                
      67   6   5  431    1  -.447495E+00    1284                                
