NPMAX  :       122
NPIC   :        26
       1   6   3  200    1 -0.473567E+01      87
       2   6   3  211    1 -0.414785E+01      73
       3   6   3  200    2 -0.197910E+01      76
       4   6   3  211    2 -0.182214E+01      77
       5   6   3  220    1 -0.177946E+01      82
       6   6   3  200    3 -0.108232E+01      81
       7   6   3  211    3 -0.101876E+01      82
       8   6   3  220    2 -0.100086E+01      87
       9   6   3  200    4 -0.681451E+00      85
      10   6   3  211    4 -0.649614E+00      86
      11   6   3  220    3 -0.640477E+00      97
      12   6   3  200    5 -0.468185E+00      86
      13   6   3  211    5 -0.450009E+00      87
      14   6   3  220    4 -0.444731E+00     104
      15   6   3  200    6 -0.341376E+00      87
      16   6   3  211    6 -0.330034E+00      93
      17   6   3  220    5 -0.326715E+00     110
      18   6   3  200    7 -0.259894E+00      89
      19   6   3  211    7 -0.252347E+00      99
      20   6   3  220    6 -0.250125E+00     116
      21   6   3  200    8 -0.204453E+00      93
      22   6   3  211    8 -0.199179E+00     105
      23   6   3  220    7 -0.197620E+00     122
      24   6   3  200    9 -0.165031E+00      99
      25   6   3  211    9 -0.161201E+00       0
      26   6   3  220    8 -0.160065E+00       0
