NPMAX  :      1799
NPIC   :       136
       1  12  12  100    1  -.564727E+00     743                                
       2  12  12  100    2  -.165892E+00     945                                
       3  12  12  100    3  -.819693E-01     893                                
       4  12  12  100    4  -.499492E-01     941                                
       5  12  12  100    5  -.333159E-01     932                                
       6  12  12  100    6  -.238060E-01     907                                
       7  12  12  100    7  -.178610E-01     934                                
       8  12  12  100    8  -.138959E-01     935                                
       9  12  12  100    9  -.111189E-01     921                                
      10  12  12  110    1  0.184924E+00       0                                
      11  12  12  110    2  0.252812E+00       0                                
      12  12  12  110    3  0.280947E+00       0                                
      13  12  12  110    4  0.295272E+00       0                                
      14  12  12  110    5  0.303640E+00       0                                
      15  12  12  110    6  0.308960E+00       0                                
      16  12  12  110    7  0.312554E+00       0                                
      17  12  12  110    8  0.315097E+00       0                                
      18  12  12  111    1  -.240890E+00     701                                
      19  12  12  111    2  -.109796E+00     803                                
      20  12  12  111    3  -.630162E-01     796                                
      21  12  12  111    4  -.404502E-01     812                                
      22  12  12  111    5  -.280966E-01     745                                
      23  12  12  111    6  -.206304E-01     749                                
      24  12  12  111    7  -.157829E-01     753                                
      25  12  12  111    8  -.124608E-01     726                                
      26  12  12  111    9  -.100861E-01       0                                
      27  12  12  120    1  -.141281E+00     740                                
      28  12  12  120    2  -.781529E-01     796                                
      29  12  12  120    3  -.493083E-01     909                                
      30  12  12  120    4  -.333727E-01     889                                
      31  12  12  120    5  -.240073E-01     853                                
      32  12  12  120    6  -.180656E-01     860                                
      33  12  12  120    7  -.140713E-01     866                                
      34  12  12  120    8  -.112623E-01     851                                
      35  12  12  121    1  0.172913E+00       0                                
      36  12  12  121    2  0.249944E+00       0                                
      37  12  12  121    3  0.279183E+00       0                                
      38  12  12  121    4  0.294307E+00       0                                
      39  12  12  121    5  0.303053E+00       0                                
      40  12  12  121    6  0.308574E+00       0                                
      41  12  12  121    7  0.312286E+00       0                                
      42  12  12  121    8  0.314903E+00       0                                
      43  12  12  130    1  0.259906E+00       0                                
      44  12  12  130    2  0.283934E+00       0                                
      45  12  12  130    3  0.296889E+00       0                                
      46  12  12  130    4  0.304619E+00       0                                
      47  12  12  130    5  0.309597E+00       0                                
      48  12  12  130    6  0.312993E+00       0                                
      49  12  12  130    7  0.315411E+00       0                                
      50  12  12  131    1  -.637087E-01    1192                                
      51  12  12  131    2  -.407912E-01    1196                                
      52  12  12  131    3  -.282321E-01    1014                                
      53  12  12  131    4  -.206927E-01     972                                
      54  12  12  131    5  -.158158E-01     920                                
      55  12  12  131    6  -.124801E-01     894                                
      56  12  12  131    7  -.100984E-01       0                                
      57  12  12  140    1  -.400867E-01    1110                                
      58  12  12  140    2  -.278353E-01    1173                                
      59  12  12  140    3  -.204471E-01    1169                                
      60  12  12  140    4  -.156523E-01    1129                                
      61  12  12  140    5  -.123655E-01    1124                                
      62  12  12  140    6  -.100148E-01       0                                
      63  12  12  141    1  0.285076E+00       0                                
      64  12  12  141    2  0.297537E+00       0                                
      65  12  12  141    3  0.305014E+00       0                                
      66  12  12  141    4  0.309856E+00       0                                
      67  12  12  141    5  0.313172E+00       0                                
      68  12  12  141    6  0.315541E+00       0                                
      69  12  12  300    1  -.186879E+00    1026                                
      70  12  12  300    2  -.884263E-01    1380                                
      71  12  12  300    3  -.528287E-01    1322                                
      72  12  12  300    4  -.347724E-01    1249                                
      73  12  12  300    5  -.246569E-01    1161                                
      74  12  12  300    6  -.184039E-01    1169                                
      75  12  12  300    7  -.142639E-01    1149                                
      76  12  12  300    8  -.113801E-01    1118                                
      77  12  12  310    1  -.349501E-01    1113                                
      78  12  12  310    2  0.203508E+00       0                                
      79  12  12  310    3  0.258756E+00       0                                
      80  12  12  310    4  0.283603E+00       0                                
      81  12  12  310    5  0.296709E+00       0                                
      82  12  12  310    6  0.304507E+00       0                                
      83  12  12  310    7  0.309525E+00       0                                
      84  12  12  310    8  0.312943E+00       0                                
      85  12  12  310    9  0.315377E+00       0                                
      86  12  12  311    1  -.367119E+00     742                                
      87  12  12  311    2  -.125115E+00    1003                                
      88  12  12  311    3  -.677891E-01     962                                
      89  12  12  311    4  -.424764E-01     942                                
      90  12  12  311    5  -.291459E-01     925                                
      91  12  12  311    6  -.212455E-01     939                                
      92  12  12  311    7  -.161754E-01     940                                
      93  12  12  311    8  -.127271E-01     911                                
      94  12  12  311    9  -.102754E-01     895                                
      95  12  12  320    1  -.125302E+00    1062                                
      96  12  12  320    2  -.677260E-01     933                                
      97  12  12  320    3  -.428135E-01     981                                
      98  12  12  320    4  -.293913E-01     968                                
      99  12  12  320    5  -.214132E-01     976                                
     100  12  12  320    6  -.162929E-01     973                                
     101  12  12  320    7  -.128122E-01     964                                
     102  12  12  320    8  -.103387E-01     942                                
     103  12  12  321    1  0.199423E+00       0                                
     104  12  12  321    2  0.257598E+00       0                                
     105  12  12  321    3  0.282702E+00       0                                
     106  12  12  321    4  0.296141E+00       0                                
     107  12  12  321    5  0.304139E+00       0                                
     108  12  12  321    6  0.309274E+00       0                                
     109  12  12  321    7  0.312765E+00       0                                
     110  12  12  321    8  0.315246E+00       0                                
     111  12  12  330    1  0.259843E+00       0                                
     112  12  12  330    2  0.283872E+00       0                                
     113  12  12  330    3  0.296843E+00       0                                
     114  12  12  330    4  0.304585E+00       0                                
     115  12  12  330    5  0.309573E+00       0                                
     116  12  12  330    6  0.312974E+00       0                                
     117  12  12  330    7  0.315397E+00       0                                
     118  12  12  331    1  -.637088E-01    1503                                
     119  12  12  331    2  -.407925E-01    1506                                
     120  12  12  331    3  -.282337E-01    1266                                
     121  12  12  331    4  -.206942E-01    1231                                
     122  12  12  331    5  -.158170E-01    1184                                
     123  12  12  331    6  -.124811E-01    1138                                
     124  12  12  331    7  -.100992E-01       0                                
     125  12  12  340    1  -.400868E-01    1625                                
     126  12  12  340    2  -.278354E-01    1799                                
     127  12  12  340    3  -.204471E-01    1786                                
     128  12  12  340    4  -.156524E-01    1669                                
     129  12  12  340    5  -.123655E-01    1629                                
     130  12  12  340    6  -.100148E-01       0                                
     131  12  12  341    1  0.285076E+00       0                                
     132  12  12  341    2  0.297537E+00       0                                
     133  12  12  341    3  0.305014E+00       0                                
     134  12  12  341    4  0.309856E+00       0                                
     135  12  12  341    5  0.313172E+00       0                                
     136  12  12  341    6  0.315541E+00       0                                
