NPMAX  :        34
NPIC   :        32
       1  12  11  200    1  -.109234E+01      31                                
       2  12  11  200    2  -.465601E+00      32                                
       3  12  11  200    3  -.258233E+00      31                                
       4  12  11  200    4  -.164039E+00      32                                
       5  12  11  200    5  -.113391E+00      31                                
       6  12  11  200    6  -.830461E-01      30                                
       7  12  11  200    7  -.634370E-01      28                                
       8  12  11  200    8  -.500360E-01      28                                
       9  12  11  200    9  -.404736E-01      28                                
      10  12  11  211    1  -.771021E+00      32                                
      11  12  11  211    2  -.367362E+00      31                                
      12  12  11  211    3  -.215715E+00      31                                
      13  12  11  211    4  -.141904E+00      32                                
      14  12  11  211    5  -.100431E+00      30                                
      15  12  11  211    6  -.748136E-01      29                                
      16  12  11  211    7  -.578853E-01      29                                
      17  12  11  211    8  -.461164E-01      29                                
      18  12  11  220    1  -.454462E+00      34                                
      19  12  11  220    2  -.255426E+00      33                                
      20  12  11  220    3  -.162931E+00      30                                
      21  12  11  220    4  -.112842E+00      28                                
      22  12  11  220    5  -.827337E-01      26                                
      23  12  11  220    6  -.632418E-01      24                                
      24  12  11  220    7  -.499056E-01      25                                
      25  12  11  220    8  -.403821E-01      25                                
      26  12  11  231    1  -.250193E+00      30                                
      27  12  11  231    2  -.160126E+00      28                                
      28  12  11  231    3  -.111191E+00      25                                
      29  12  11  231    4  -.816854E-01      25                                
      30  12  11  231    5  -.625364E-01      16                                
      31  12  11  231    6  -.494088E-01      14                                
      32  12  11  231    7  -.400192E-01      12                                
