NPMAX  :      1799
NPIC   :       358
       1   7   6  310    1  -.217775E+01     616                                
       2   7   6  120    1  -.203337E+01     524                                
       3   7   6  100    1  -.186165E+01     461                                
       4   7   6  501    1  -.176772E+01     184                                
       5   7   6  321    1  -.133697E+01    1114                                
       6   7   6  311    1  -.117259E+01    1327                                
       7   7   6  121    1  -.846089E+00    1158                                
       8   7   6  311    2  -.813816E+00    1024                                
       9   7   6  111    1  -.809748E+00    1362                                
      10   7   6  301    1  -.740646E+00    1448                                
      11   7   6  110    1  -.673009E+00     657                                
      12   7   6  320    1  -.654210E+00     668                                
      13   7   6  300    1  -.632672E+00     638                                
      14   7   6  111    2  -.627380E+00    1424                                
      15   7   6  310    2  -.618166E+00     763                                
      16   7   6  120    2  -.583814E+00     677                                
      17   7   6  100    2  -.545655E+00     617                                
      18   7   6  331    1  -.472515E+00     865                                
      19   7   6  121    2  -.466844E+00    1208                                
      20   7   6  321    2  -.464413E+00    1147                                
      21   7   6  311    3  -.451391E+00    1099                                
      22   7   6  131    1  -.447028E+00    1038                                
      23   7   6  111    3  -.438997E+00    1345                                
      24   7   6  311    4  -.383282E+00    1057                                
      25   7   6  111    4  -.371034E+00    1142                                
      26   7   6  110    2  -.332679E+00     796                                
      27   7   6  320    2  -.327678E+00     686                                
      28   7   6  310    3  -.324615E+00    1310                                
      29   7   6  300    2  -.321918E+00     655                                
      30   7   6  510    1  -.314023E+00     169                                
      31   7   6  120    3  -.303523E+00     783                                
      32   7   6  100    3  -.289207E+00     656                                
      33   7   6  331    2  -.264200E+00     810                                
      34   7   6  121    3  -.261859E+00    1149                                
      35   7   6  321    3  -.258810E+00    1174                                
      36   7   6  311    5  -.255383E+00    1073                                
      37   7   6  310    4  -.252024E+00    1799                                
      38   7   6  130    1  -.251901E+00     847                                
      39   7   6  330    1  -.251833E+00     817                                
      40   7   6  131    2  -.251507E+00     984                                
      41   7   6  340    1  -.250393E+00     676                                
      42   7   6  140    1  -.250152E+00     708                                
      43   7   6  320    3  -.249833E+00     960                                
      44   7   6  120    4  -.249693E+00    1043                                
      45   7   6  111    5  -.249029E+00    1256                                
      46   7   6  311    6  -.223128E+00    1147                                
      47   7   6  111    6  -.218148E+00    1078                                
      48   7   6  110    3  -.199697E+00     927                                
      49   7   6  320    4  -.197496E+00     803                                
      50   7   6  300    3  -.194830E+00     753                                
      51   7   6  310    5  -.188040E+00    1700                                
      52   7   6  120    5  -.186319E+00     893                                
      53   7   6  100    4  -.179260E+00     702                                
      54   7   6  331    3  -.167627E+00     851                                
      55   7   6  121    4  -.166526E+00    1154                                
      56   7   6  310    6  -.166523E+00    1799                                
      57   7   6  321    4  -.164899E+00    1220                                
      58   7   6  311    7  -.163311E+00    1086                                
      59   7   6  130    2  -.161270E+00     831                                
      60   7   6  330    2  -.161217E+00     851                                
      61   7   6  131    3  -.160889E+00     976                                
      62   7   6  340    2  -.160316E+00     712                                
      63   7   6  140    2  -.160119E+00     737                                
      64   7   6  141    1  -.160087E+00     783                                
      65   7   6  341    1  -.160086E+00     808                                
      66   7   6  351    1  -.160006E+00     669                                
      67   7   6  151    1  -.160005E+00     671                                
      68   7   6  331    4  -.159985E+00     863                                
      69   7   6  320    5  -.159953E+00     975                                
      70   7   6  131    4  -.159948E+00    1008                                
      71   7   6  120    6  -.159844E+00    1091                                
      72   7   6  111    7  -.159700E+00    1254                                
      73   7   6  301    2  -.156175E+00    1357                                
      74   7   6  521    1  -.150672E+00     181                                
      75   7   6  311    8  -.146025E+00    1238                                
      76   7   6  111    8  -.143343E+00    1110                                
      77   7   6  110    4  -.133243E+00     986                                
      78   7   6  511    1  -.132260E+00     138                                
      79   7   6  320    6  -.132093E+00     900                                
      80   7   6  300    4  -.130608E+00     784                                
      81   7   6  310    7  -.126550E+00    1458                                
      82   7   6  120    7  -.126009E+00     981                                
      83   7   6  100    5  -.121993E+00     782                                
      84   7   6  331    5  -.115609E+00     829                                
      85   7   6  121    5  -.115014E+00    1096                                
      86   7   6  321    5  -.114697E+00    1184                                
      87   7   6  311    9  -.113330E+00    1051                                
      88   7   6  130    3  -.111930E+00     848                                
      89   7   6  330    3  -.111893E+00     877                                
      90   7   6  131    5  -.111655E+00     952                                
      91   7   6  340    3  -.111344E+00     741                                
      92   7   6  140    3  -.111209E+00     755                                
      93   7   6  141    2  -.111194E+00     806                                
      94   7   6  341    2  -.111193E+00     833                                
      95   7   6  351    2  -.111116E+00     688                                
      96   7   6  151    2  -.111115E+00     690                                
      97   7   6  350    1  -.111114E+00     578                                
      98   7   6  150    1  -.111114E+00     570                                
      99   7   6  160    1  -.111112E+00     521                                
     100   7   6  360    1  -.111112E+00     525                                
     101   7   6  320    7  -.111111E+00     999                                
     102   7   6  340    4  -.111109E+00     719                                
     103   7   6  140    4  -.111104E+00     774                                
     104   7   6  331    6  -.111097E+00     877                                
     105   7   6  131    6  -.111069E+00    1028                                
     106   7   6  120    8  -.111040E+00    1221                                
     107   7   6  111    9  -.110987E+00    1237                                
     108   7   6  311   10  -.103063E+00    1256                                
     109   7   6  111   10  -.101331E+00    1152                                
     110   7   6  501    2  -.966745E-01     236                                
     111   7   6  110    5  -.952304E-01    1003                                
     112   7   6  321    6  -.947991E-01    1321                                
     113   7   6  320    8  -.945611E-01     966                                
     114   7   6  300    5  -.936422E-01     825                                
     115   7   6  310    8  -.915698E-01    1226                                
     116   7   6  120    9  -.909111E-01    1228                                
     117   7   6  100    6  -.883801E-01     816                                
     118   7   6  331    7  -.844917E-01     864                                
     119   7   6  121    6  -.841343E-01    1075                                
     120   7   6  311   11  -.835062E-01    1112                                
     121   7   6  321    7  -.822520E-01    1319                                
     122   7   6  130    4  -.821784E-01     888                                
     123   7   6  330    4  -.821528E-01     914                                
     124   7   6  131    7  -.819852E-01     981                                
     125   7   6  340    5  -.818005E-01     785                                
     126   7   6  140    5  -.817070E-01     799                                
     127   7   6  141    3  -.816974E-01     840                                
     128   7   6  341    3  -.816971E-01     851                                
     129   7   6  120   10  -.816584E-01    1461                                
     130   7   6  320    9  -.816463E-01    1016                                
     131   7   6  150    2  -.816367E-01     605                                
     132   7   6  350    2  -.816367E-01     615                                
     133   7   6  360    2  -.816342E-01     546                                
     134   7   6  160    2  -.816341E-01     538                                
     135   7   6  161    1  -.816327E-01     585                                
     136   7   6  361    1  -.816327E-01     590                                
     137   7   6  351    3  -.816323E-01     713                                
     138   7   6  351    4  -.816323E-01     714                                
     139   7   6  151    3  -.816322E-01     710                                
     140   7   6  151    4  -.816322E-01     713                                
     141   7   6  340    6  -.816299E-01     748                                
     142   7   6  140    6  -.816248E-01     798                                
     143   7   6  331    8  -.816214E-01     891                                
     144   7   6  131    8  -.816018E-01    1043                                
     145   7   6  111   11  -.815712E-01    1265                                
     146   7   6  120   11  -.794931E-01    1700                                
     147   7   6  311   12  -.769554E-01    1324                                
     148   7   6  111   12  -.754094E-01    1168                                
     149   7   6  110    6  -.714506E-01    1007                                
     150   7   6  320   10  -.710294E-01     985                                
     151   7   6  300    6  -.704197E-01     856                                
     152   7   6  310    9  -.691733E-01    1148                                
     153   7   6  120   12  -.685950E-01    1237                                
     154   7   6  311   13  -.679676E-01    1465                                
     155   7   6  100    7  -.669716E-01     832                                
     156   7   6  331    9  -.644251E-01     854                                
     157   7   6  121    7  -.641939E-01    1065                                
     158   7   6  321    8  -.633355E-01    1246                                
     159   7   6  130    5  -.628784E-01     900                                
     160   7   6  330    5  -.628603E-01     922                                
     161   7   6  131    9  -.627405E-01     972                                
     162   7   6  340    7  -.626223E-01     795                                
     163   7   6  140    7  -.625557E-01     814                                
     164   7   6  141    4  -.625490E-01     849                                
     165   7   6  341    4  -.625488E-01     856                                
     166   7   6  320   11  -.625157E-01    1020                                
     167   7   6  350    3  -.625037E-01     626                                
     168   7   6  150    3  -.625037E-01     619                                
     169   7   6  360    3  -.625013E-01     568                                
     170   7   6  160    3  -.625013E-01     558                                
     171   7   6  361    2  -.625000E-01     590                                
     172   7   6  161    2  -.625000E-01     589                                
     173   7   6  351    5  -.624995E-01     730                                
     174   7   6  351    6  -.624995E-01     729                                
     175   7   6  151    6  -.624994E-01     726                                
     176   7   6  151    5  -.624994E-01     725                                
     177   7   6  340    8  -.624976E-01     764                                
     178   7   6  140    8  -.624934E-01     809                                
     179   7   6  331   10  -.624915E-01     904                                
     180   7   6  131   10  -.624778E-01    1040                                
     181   7   6  120   13  -.624710E-01    1360                                
     182   7   6  111   13  -.624658E-01    1261                                
     183   7   6  311   14  -.621962E-01    1468                                
     184   7   6  311   15  -.583170E-01    1374                                
     185   7   6  111   14  -.582984E-01    1176                                
     186   7   6  110    7  -.555866E-01     984                                
     187   7   6  320   12  -.553053E-01     980                                
     188   7   6  300    7  -.548795E-01     858                                
     189   7   6  310   10  -.540633E-01    1107                                
     190   7   6  120   14  -.536425E-01    1080                                
     191   7   6  100    8  -.524982E-01     849                                
     192   7   6  331   11  -.507388E-01     856                                
     193   7   6  121    8  -.505805E-01    1025                                
     194   7   6  321    9  -.500297E-01    1243                                
     195   7   6  311   16  -.496971E-01    1369                                
     196   7   6  130    6  -.496545E-01     905                                
     197   7   6  330    6  -.496414E-01     920                                
     198   7   6  131   11  -.495538E-01     968                                
     199   7   6  340    9  -.494735E-01     800                                
     200   7   6  140    9  -.494248E-01     819                                
     201   7   6  141    5  -.494199E-01     857                                
     202   7   6  341    5  -.494197E-01     851                                
     203   7   6  320   13  -.493971E-01    1015                                
     204   7   6  350    4  -.493859E-01     632                                
     205   7   6  150    4  -.493859E-01     626                                
     206   7   6  360    4  -.493838E-01     576                                
     207   7   6  160    4  -.493838E-01     574                                
     208   7   6  161    3  -.493828E-01     593                                
     209   7   6  361    3  -.493828E-01     597                                
     210   7   6  351    8  -.493822E-01     743                                
     211   7   6  351    7  -.493822E-01     743                                
     212   7   6  151    7  -.493822E-01     731                                
     213   7   6  151    8  -.493821E-01     734                                
     214   7   6  340   10  -.493808E-01     775                                
     215   7   6  140   10  -.493774E-01     817                                
     216   7   6  331   12  -.493763E-01     920                                
     217   7   6  131   12  -.493664E-01    1050                                
     218   7   6  120   15  -.493662E-01    1261                                
     219   7   6  111   15  -.493620E-01    1242                                
     220   7   6  311   17  -.466769E-01    1267                                
     221   7   6  111   16  -.464139E-01    1152                                
     222   7   6  110    8  -.444763E-01     959                                
     223   7   6  320   14  -.442796E-01     974                                
     224   7   6  300    8  -.439704E-01     845                                
     225   7   6  310   11  -.434042E-01    1061                                
     226   7   6  120   16  -.430887E-01    1023                                
     227   7   6  100    9  -.422573E-01     833                                
     228   7   6  331   13  -.409903E-01     804                                
     229   7   6  121    9  -.408772E-01     991                                
     230   7   6  321   10  -.404904E-01       0                                
     231   7   6  311   18  -.402994E-01       0                                
     232   7   6  130    7  -.402012E-01       0                                
     233   7   6  330    7  -.401914E-01       0                                
     234   7   6  131   13  -.401258E-01       0                                
     235   7   6  340   11  -.400688E-01       0                                
     236   7   6  140   11  -.400322E-01       0                                
     237   7   6  141    6  -.400286E-01       0                                
     238   7   6  341    6  -.400284E-01       0                                
     239   7   6  320   15  -.400123E-01       0                                
     240   7   6  350    5  -.400026E-01       0                                
     241   7   6  150    5  -.400026E-01       0                                
     242   7   6  360    5  -.400009E-01       0                                
     243   7   6  160    5  -.400009E-01       0                                
     244   7   6  161    4  -.400001E-01       0                                
     245   7   6  361    4  -.400001E-01       0                                
     246   7   6  351    9  -.399996E-01       0                                
     247   7   6  151    9  -.399995E-01       0                                
     248   7   6  530    1  0.245941E-01       0                                
     249   7   6  510    2  0.376677E-01       0                                
     250   7   6  520    1  0.418817E-01       0                                
     251   7   6  510    3  0.119676E+00       0                                
     252   7   6  301    3  0.171729E+00       0                                
     253   7   6  521    2  0.175478E+00       0                                
     254   7   6  511    2  0.180388E+00       0                                
     255   7   6  501    3  0.195804E+00       0                                
     256   7   6  530    2  0.235939E+00       0                                
     257   7   6  520    2  0.241804E+00       0                                
     258   7   6  510    4  0.243473E+00       0                                
     259   7   6  521    3  0.250767E+00       0                                
     260   7   6  541    1  0.251334E+00       0                                
     261   7   6  531    1  0.253021E+00       0                                
     262   7   6  510    5  0.279678E+00       0                                
     263   7   6  301    4  0.303046E+00       0                                
     264   7   6  521    4  0.305257E+00       0                                
     265   7   6  511    3  0.307462E+00       0                                
     266   7   6  501    4  0.314772E+00       0                                
     267   7   6  530    3  0.333476E+00       0                                
     268   7   6  520    3  0.336257E+00       0                                
     269   7   6  510    6  0.337583E+00       0                                
     270   7   6  521    5  0.341219E+00       0                                
     271   7   6  541    2  0.341587E+00       0                                
     272   7   6  530    4  0.342044E+00       0                                
     273   7   6  550    1  0.342067E+00       0                                
     274   7   6  540    1  0.342158E+00       0                                
     275   7   6  531    2  0.342663E+00       0                                
     276   7   6  510    7  0.356623E+00       0                                
     277   7   6  301    5  0.369099E+00       0                                
     278   7   6  521    6  0.370435E+00       0                                
     279   7   6  511    4  0.371627E+00       0                                
     280   7   6  501    5  0.375633E+00       0                                
     281   7   6  530    5  0.385917E+00       0                                
     282   7   6  520    4  0.387467E+00       0                                
     283   7   6  510    8  0.388344E+00       0                                
     284   7   6  521    7  0.390423E+00       0                                
     285   7   6  541    3  0.390650E+00       0                                
     286   7   6  530    6  0.390935E+00       0                                
     287   7   6  550    2  0.390958E+00       0                                
     288   7   6  541    4  0.390993E+00       0                                
     289   7   6  540    2  0.391047E+00       0                                
     290   7   6  531    3  0.391324E+00       0                                
     291   7   6  510    9  0.399543E+00       0                                
     292   7   6  301    6  0.406980E+00       0                                
     293   7   6  521    8  0.407833E+00       0                                
     294   7   6  511    5  0.408552E+00       0                                
     295   7   6  501    6  0.410980E+00       0                                
     296   7   6  530    7  0.417250E+00       0                                
     297   7   6  520    5  0.418204E+00       0                                
     298   7   6  510   10  0.418791E+00       0                                
     299   7   6  521    9  0.420091E+00       0                                
     300   7   6  541    5  0.420238E+00       0                                
     301   7   6  530    8  0.420426E+00       0                                
     302   7   6  550    4  0.420471E+00       0                                
     303   7   6  550    3  0.420471E+00       0                                
     304   7   6  541    6  0.420472E+00       0                                
     305   7   6  540    3  0.420514E+00       0                                
     306   7   6  531    4  0.420678E+00       0                                
     307   7   6  510   11  0.425920E+00       0                                
     308   7   6  301    7  0.430708E+00       0                                
     309   7   6  521   10  0.431281E+00       0                                
     310   7   6  511    6  0.431748E+00       0                                
     311   7   6  501    7  0.433330E+00       0                                
     312   7   6  530    9  0.437437E+00       0                                
     313   7   6  520    6  0.438067E+00       0                                
     314   7   6  510   12  0.438473E+00       0                                
     315   7   6  521   11  0.439340E+00       0                                
     316   7   6  541    7  0.439440E+00       0                                
     317   7   6  530   10  0.439570E+00       0                                
     318   7   6  550    6  0.439604E+00       0                                
     319   7   6  550    5  0.439604E+00       0                                
     320   7   6  541    8  0.439604E+00       0                                
     321   7   6  540    4  0.439637E+00       0                                
     322   7   6  531    5  0.439741E+00       0                                
     323   7   6  510   13  0.443285E+00       0                                
     324   7   6  301    8  0.446548E+00       0                                
     325   7   6  521   12  0.446950E+00       0                                
     326   7   6  511    7  0.447270E+00       0                                
     327   7   6  501    8  0.448358E+00       0                                
     328   7   6  530   11  0.451196E+00       0                                
     329   7   6  520    7  0.451634E+00       0                                
     330   7   6  510   14  0.451924E+00       0                                
     331   7   6  521   13  0.452532E+00       0                                
     332   7   6  541    9  0.452602E+00       0                                
     333   7   6  530   12  0.452695E+00       0                                
     334   7   6  550    8  0.452721E+00       0                                
     335   7   6  550    7  0.452721E+00       0                                
     336   7   6  541   10  0.452722E+00       0                                
     337   7   6  540    5  0.452746E+00       0                                
     338   7   6  531    6  0.452817E+00       0                                
     339   7   6  510   15  0.455324E+00       0                                
     340   7   6  301    9  0.457646E+00       0                                
     341   7   6  521   14  0.457938E+00       0                                
     342   7   6  511    8  0.458168E+00       0                                
     343   7   6  501    9  0.458948E+00       0                                
     344   7   6  530   13  0.460990E+00       0                                
     345   7   6  520    8  0.461307E+00       0                                
     346   7   6  510   16  0.461522E+00       0                                
     347   7   6  521   15  0.461964E+00       0                                
     348   7   6  541   11  0.462015E+00       0                                
     349   7   6  530   14  0.462084E+00       0                                
     350   7   6  550    9  0.462104E+00       0                                
     351   7   6  101    1  0.670115E+00       0                                
     352   7   6  101    2  0.101710E+01       0                                
     353   7   6  101    3  0.115109E+01       0                                
     354   7   6  101    4  0.121792E+01       0                                
     355   7   6  101    5  0.125611E+01       0                                
     356   7   6  101    6  0.127999E+01       0                                
     357   7   6  101    7  0.129591E+01       0                                
     358   7   6  101    8  0.130706E+01       0                                
