NPMAX  :      1046
NPIC   :       196
       1   7   5  211    1  -.347720E+01     355                                
       2   7   5  410    1  -.296111E+01     122                                
       3   7   5  220    1  -.255113E+01     651                                
       4   7   5  200    1  -.226493E+01     609                                
       5   7   5  210    1  -.213284E+01     686                                
       6   7   5  401    1  -.177029E+01     430                                
       7   7   5  221    1  -.161916E+01     901                                
       8   7   5  200    2  -.146580E+01     275                                
       9   7   5  211    2  -.135879E+01    1046                                
      10   7   5  211    3  -.124488E+01     339                                
      11   7   5  220    2  -.104835E+01     337                                
      12   7   5  411    1  -.861390E+00     117                                
      13   7   5  211    4  -.771116E+00     508                                
      14   7   5  200    3  -.742538E+00     444                                
      15   7   5  210    2  -.666926E+00     489                                
      16   7   5  420    1  -.661905E+00      83                                
      17   7   5  211    5  -.644902E+00     304                                
      18   7   5  400    1  -.617700E+00      54                                
      19   7   5  410    2  -.590936E+00     116                                
      20   7   5  220    3  -.589491E+00     395                                
      21   7   5  231    1  -.568229E+00     371                                
      22   7   5  220    4  -.555906E+00     463                                
      23   7   5  200    4  -.494152E+00     467                                
      24   7   5  431    1  -.476540E+00      86                                
      25   7   5  421    1  -.451988E+00     169                                
      26   7   5  200    5  -.445156E+00     385                                
      27   7   5  221    2  -.435398E+00     620                                
      28   7   5  411    2  -.418656E+00     134                                
      29   7   5  211    6  -.405192E+00     315                                
      30   7   5  231    2  -.383726E+00     451                                
      31   7   5  220    5  -.370778E+00     332                                
      32   7   5  231    3  -.363634E+00     373                                
      33   7   5  240    1  -.360643E+00       0                                
      34   7   5  211    7  -.353405E+00     779                                
      35   7   5  200    6  -.299183E+00     418                                
      36   7   5  211    8  -.278782E+00     435                                
      37   7   5  220    6  -.256409E+00     324                                
      38   7   5  231    4  -.252656E+00     337                                
      39   7   5  211    9  -.251665E+00     633                                
      40   7   5  240    2  -.250425E+00       0                                
      41   7   5  200    7  -.214337E+00     428                                
      42   7   5  211   10  -.199116E+00     398                                
      43   7   5  220    7  -.187761E+00     330                                
      44   7   5  231    5  -.185603E+00     345                                
      45   7   5  240    3  -.183960E+00       0                                
      46   7   5  200    8  -.161086E+00     414                                
      47   7   5  211   11  -.151543E+00     357                                
      48   7   5  220    8  -.143387E+00     324                                
      49   7   5  231    6  -.142065E+00     361                                
      50   7   5  240    4  -.140826E+00       0                                
      51   7   5  411    3  -.126698E+00     158                                
      52   7   5  200    9  -.125500E+00     463                                
      53   7   5  211   12  -.119570E+00     376                                
      54   7   5  220    9  -.113066E+00     322                                
      55   7   5  231    7  -.112212E+00     371                                
      56   7   5  240    5  -.111258E+00       0                                
      57   7   5  211   13  -.100704E+00     538                                
      58   7   5  200   10  -.100556E+00     461                                
      59   7   5  211   14  -.920651E-01     426                                
      60   7   5  220   10  -.914388E-01       0                                
      61   7   5  231    8  -.908581E-01       0                                
      62   7   5  240    6  -.901097E-01       0                                
      63   7   5  210    3  -.680429E-01       0                                
      64   7   5  420    2  -.520709E-01       0                                
      65   7   5  400    2  -.365623E-01       0                                
      66   7   5  210    4  -.307936E-01       0                                
      67   7   5  410    3  -.289349E-01       0                                
      68   7   5  431    2  0.125761E-01       0                                
      69   7   5  221    3  0.237370E-01       0                                
      70   7   5  421    2  0.241923E-01       0                                
      71   7   5  411    4  0.338121E-01       0                                
      72   7   5  230    1  0.392035E-01       0                                
      73   7   5  430    1  0.395475E-01       0                                
      74   7   5  440    1  0.503615E-01       0                                
      75   7   5  420    3  0.524572E-01       0                                
      76   7   5  221    4  0.141638E+00       0                                
      77   7   5  411    5  0.167365E+00       0                                
      78   7   5  410    4  0.178052E+00       0                                
      79   7   5  210    5  0.185861E+00       0                                
      80   7   5  420    4  0.203171E+00       0                                
      81   7   5  400    3  0.210047E+00       0                                
      82   7   5  410    5  0.214891E+00       0                                
      83   7   5  431    3  0.233999E+00       0                                
      84   7   5  421    3  0.240114E+00       0                                
      85   7   5  411    6  0.243781E+00       0                                
      86   7   5  221    5  0.245412E+00       0                                
      87   7   5  230    2  0.246198E+00       0                                
      88   7   5  430    2  0.246332E+00       0                                
      89   7   5  241    1  0.251670E+00       0                                
      90   7   5  441    1  0.251672E+00       0                                
      91   7   5  440    2  0.252847E+00       0                                
      92   7   5  420    5  0.253151E+00       0                                
      93   7   5  431    4  0.254378E+00       0                                
      94   7   5  210    6  0.275054E+00       0                                
      95   7   5  201    1  0.310916E+00       0                                
      96   7   5  411    7  0.314439E+00       0                                
      97   7   5  420    6  0.335102E+00       0                                
      98   7   5  400    4  0.339140E+00       0                                
      99   7   5  410    6  0.341349E+00       0                                
     100   7   5  210    7  0.343788E+00       0                                
     101   7   5  421    4  0.348009E+00       0                                
     102   7   5  431    5  0.352385E+00       0                                
     103   7   5  221    6  0.357451E+00       0                                
     104   7   5  411    8  0.357605E+00       0                                
     105   7   5  430    3  0.357910E+00       0                                
     106   7   5  230    3  0.358126E+00       0                                
     107   7   5  421    5  0.358949E+00       0                                
     108   7   5  241    2  0.362510E+00       0                                
     109   7   5  441    2  0.362512E+00       0                                
     110   7   5  420    7  0.362772E+00       0                                
     111   7   5  440    3  0.363109E+00       0                                
     112   7   5  440    4  0.363830E+00       0                                
     113   7   5  431    6  0.364001E+00       0                                
     114   7   5  411    9  0.378317E+00       0                                
     115   7   5  221    7  0.390086E+00       0                                
     116   7   5  411   10  0.402880E+00       0                                
     117   7   5  420    8  0.412167E+00       0                                
     118   7   5  210    8  0.414282E+00       0                                
     119   7   5  400    5  0.414838E+00       0                                
     120   7   5  410    7  0.416031E+00       0                                
     121   7   5  431    7  0.422933E+00       0                                
     122   7   5  430    4  0.424886E+00       0                                
     123   7   5  421    6  0.425380E+00       0                                
     124   7   5  230    4  0.425599E+00       0                                
     125   7   5  221    8  0.425883E+00       0                                
     126   7   5  411   11  0.426408E+00       0                                
     127   7   5  420    9  0.428909E+00       0                                
     128   7   5  241    3  0.429273E+00       0                                
     129   7   5  441    3  0.429274E+00       0                                
     130   7   5  440    5  0.429600E+00       0                                
     131   7   5  440    6  0.430116E+00       0                                
     132   7   5  431    8  0.430161E+00       0                                
     133   7   5  401    2  0.444332E+00       0                                
     134   7   5  411   12  0.454112E+00       0                                
     135   7   5  420   10  0.461082E+00       0                                
     136   7   5  210    9  0.461809E+00       0                                
     137   7   5  400    6  0.463014E+00       0                                
     138   7   5  410    8  0.463716E+00       0                                
     139   7   5  430    5  0.467743E+00       0                                
     140   7   5  431    9  0.468330E+00       0                                
     141   7   5  230    5  0.469298E+00       0                                
     142   7   5  421    7  0.469899E+00       0                                
     143   7   5  221    9  0.470011E+00       0                                
     144   7   5  411   13  0.470602E+00       0                                
     145   7   5  420   11  0.471830E+00       0                                
     146   7   5  241    4  0.472552E+00       0                                
     147   7   5  441    4  0.472553E+00       0                                
     148   7   5  440    7  0.472757E+00       0                                
     149   7   5  440    8  0.473126E+00       0                                
     150   7   5  431   10  0.473138E+00       0                                
     151   7   5  411   14  0.489314E+00       0                                
     152   7   5  420   12  0.494044E+00       0                                
     153   7   5  210   10  0.494256E+00       0                                
     154   7   5  400    7  0.495572E+00       0                                
     155   7   5  430    6  0.495921E+00       0                                
     156   7   5  410    9  0.496003E+00       0                                
     157   7   5  230    6  0.499133E+00       0                                
     158   7   5  431   11  0.499255E+00       0                                
     159   7   5  221   10  0.500197E+00       0                                
     160   7   5  421    8  0.500335E+00       0                                
     161   7   5  411   15  0.500830E+00       0                                
     162   7   5  420   13  0.501213E+00       0                                
     163   7   5  241    5  0.502203E+00       0                                
     164   7   5  441    5  0.502204E+00       0                                
     165   7   5  440    9  0.502343E+00       0                                
     166   7   5  440   10  0.502613E+00       0                                
     167   7   5  431   12  0.502615E+00       0                                
     168   7   5  411   16  0.514074E+00       0                                
     169   7   5  430    7  0.514518E+00       0                                
     170   7   5  210   11  0.517147E+00       0                                
     171   7   5  420   14  0.517261E+00       0                                
     172   7   5  400    8  0.518607E+00       0                                
     173   7   5  410   10  0.518870E+00       0                                
     174   7   5  230    7  0.520303E+00       0                                
     175   7   5  431   13  0.521264E+00       0                                
     176   7   5  221   11  0.521654E+00       0                                
     177   7   5  421    9  0.522043E+00       0                                
     178   7   5  420   15  0.522152E+00       0                                
     179   7   5  411   17  0.522402E+00       0                                
     180   7   5  441    6  0.523404E+00       0                                
     181   7   5  241    6  0.523404E+00       0                                
     182   7   5  440   11  0.523504E+00       0                                
     183   7   5  201    2  0.934160E+00       0                                
     184   7   5  401    3  0.979261E+00       0                                
     185   7   5  201    3  0.119382E+01       0                                
     186   7   5  401    4  0.121461E+01       0                                
     187   7   5  201    4  0.132678E+01       0                                
     188   7   5  401    5  0.133818E+01       0                                
     189   7   5  201    5  0.140437E+01       0                                
     190   7   5  401    6  0.141130E+01       0                                
     191   7   5  201    6  0.145361E+01       0                                
     192   7   5  401    7  0.145813E+01       0                                
     193   7   5  201    7  0.148680E+01       0                                
     194   7   5  401    8  0.148991E+01       0                                
     195   7   5  201    8  0.151024E+01       0                                
     196   7   5  401    9  0.151247E+01       0                                
