NPMAX  :      1395
NPIC   :       150
       1   7   4  100    1  -.568369E+01     421                                
       2   7   4  311    1  -.506922E+01     327                                
       3   7   4  111    1  -.447383E+01     461                                
       4   7   4  310    1  -.406880E+01     615                                
       5   7   4  120    1  -.394732E+01     747                                
       6   7   4  100    2  -.348891E+01     692                                
       7   7   4  300    1  -.225355E+01     588                                
       8   7   4  100    3  -.214616E+01     644                                
       9   7   4  111    2  -.200384E+01     848                                
      10   7   4  311    2  -.199071E+01     783                                
      11   7   4  320    1  -.186509E+01    1015                                
      12   7   4  120    2  -.177824E+01    1302                                
      13   7   4  311    3  -.144624E+01     884                                
      14   7   4  111    3  -.137478E+01    1001                                
      15   7   4  110    1  -.130511E+01    1065                                
      16   7   4  320    2  -.127043E+01    1056                                
      17   7   4  300    2  -.124552E+01     917                                
      18   7   4  100    4  -.118052E+01     865                                
      19   7   4  310    2  -.117837E+01    1045                                
      20   7   4  331    1  -.117496E+01    1229                                
      21   7   4  300    3  -.115184E+01     834                                
      22   7   4  121    1  -.114771E+01    1240                                
      23   7   4  120    3  -.113028E+01    1298                                
      24   7   4  311    4  -.110110E+01    1086                                
      25   7   4  321    1  -.108030E+01    1335                                
      26   7   4  131    1  -.107789E+01    1356                                
      27   7   4  111    4  -.106970E+01     992                                
      28   7   4  320    3  -.103292E+01     831                                
      29   7   4  311    5  -.102524E+01    1235                                
      30   7   4  120    4  -.100173E+01    1005                                
      31   7   4  331    2  -.985756E+00    1149                                
      32   7   4  100    5  -.976443E+00    1111                                
      33   7   4  111    5  -.956490E+00    1395                                
      34   7   4  131    2  -.934378E+00    1381                                
      35   7   4  300    4  -.728809E+00     579                                
      36   7   4  100    6  -.710456E+00     767                                
      37   7   4  311    6  -.680024E+00     739                                
      38   7   4  111    6  -.679135E+00     787                                
      39   7   4  320    4  -.656392E+00     846                                
      40   7   4  340    1  -.642536E+00       0                                
      41   7   4  140    1  -.642533E+00       0                                
      42   7   4  120    5  -.641623E+00    1018                                
      43   7   4  331    3  -.640142E+00     949                                
      44   7   4  131    3  -.636050E+00    1082                                
      45   7   4  300    5  -.496054E+00     715                                
      46   7   4  100    7  -.488723E+00     744                                
      47   7   4  111    7  -.474307E+00     865                                
      48   7   4  311    7  -.468150E+00     766                                
      49   7   4  320    5  -.453873E+00     783                                
      50   7   4  340    2  -.446997E+00       0                                
      51   7   4  140    2  -.446991E+00       0                                
      52   7   4  331    4  -.445909E+00     758                                
      53   7   4  120    6  -.445659E+00     881                                
      54   7   4  131    4  -.445178E+00     853                                
      55   7   4  311    8  -.420717E+00     733                                
      56   7   4  111    8  -.395851E+00     880                                
      57   7   4  300    6  -.362278E+00     738                                
      58   7   4  110    2  -.361082E+00     956                                
      59   7   4  100    8  -.356729E+00     757                                
      60   7   4  320    6  -.350187E+00     782                                
      61   7   4  311    9  -.341850E+00     718                                
      62   7   4  111    9  -.334868E+00     781                                
      63   7   4  320    7  -.332152E+00     737                                
      64   7   4  331    5  -.330869E+00     676                                
      65   7   4  340    3  -.330110E+00       0                                
      66   7   4  140    3  -.330041E+00       0                                
      67   7   4  131    5  -.329675E+00     757                                
      68   7   4  120    7  -.327547E+00     786                                
      69   7   4  300    7  -.325072E+00     875                                
      70   7   4  310    3  -.319997E+00    1036                                
      71   7   4  121    2  -.303157E+00     961                                
      72   7   4  331    6  -.302750E+00     757                                
      73   7   4  120    8  -.301299E+00     958                                
      74   7   4  321    2  -.278643E+00    1198                                
      75   7   4  100    9  -.276318E+00     824                                
      76   7   4  130    1  -.273709E+00     960                                
      77   7   4  330    1  -.272976E+00     938                                
      78   7   4  311   10  -.271811E+00     775                                
      79   7   4  300    8  -.269103E+00     649                                
      80   7   4  340    4  -.268118E+00       0                                
      81   7   4  140    4  -.266492E+00       0                                
      82   7   4  131    6  -.262772E+00     765                                
      83   7   4  111   10  -.259335E+00     771                                
      84   7   4  311   11  -.255566E+00     704                                
      85   7   4  320    8  -.254422E+00     684                                
      86   7   4  320    9  -.252066E+00     743                                
      87   7   4  120    9  -.251148E+00     777                                
      88   7   4  331    7  -.249199E+00     577                                
      89   7   4  120   10  -.249165E+00     825                                
      90   7   4  340    5  -.243641E+00       0                                
      91   7   4  140    5  -.242843E+00       0                                
      92   7   4  100   10  -.242368E+00     885                                
      93   7   4  131    7  -.236507E+00     766                                
      94   7   4  111   11  -.232662E+00     857                                
      95   7   4  300    9  -.211490E+00     580                                
      96   7   4  100   11  -.206025E+00     732                                
      97   7   4  311   12  -.203715E+00     589                                
      98   7   4  111   12  -.202437E+00     719                                
      99   7   4  320   10  -.200237E+00     542                                
     100   7   4  120   11  -.197928E+00     606                                
     101   7   4  331    8  -.197398E+00     546                                
     102   7   4  340    6  -.196481E+00       0                                
     103   7   4  140    6  -.196400E+00       0                                
     104   7   4  131    8  -.194877E+00     738                                
     105   7   4  300   10  -.170265E+00     546                                
     106   7   4  100   12  -.167720E+00     665                                
     107   7   4  311   13  -.164665E+00     542                                
     108   7   4  111   13  -.164178E+00     657                                
     109   7   4  320   11  -.161976E+00       0                                
     110   7   4  120   12  -.160306E+00       0                                
     111   7   4  331    9  -.160005E+00       0                                
     112   7   4  340    7  -.159631E+00       0                                
     113   7   4  140    7  -.159603E+00       0                                
     114   7   4  131    9  -.158863E+00       0                                
     115   7   4  110    3  0.503041E-01       0                                
     116   7   4  310    4  0.689736E-01       0                                
     117   7   4  121    3  0.783339E-01       0                                
     118   7   4  321    3  0.899822E-01       0                                
     119   7   4  130    2  0.925030E-01       0                                
     120   7   4  330    2  0.929725E-01       0                                
     121   7   4  110    4  0.266896E+00       0                                
     122   7   4  310    5  0.276988E+00       0                                
     123   7   4  121    4  0.282609E+00       0                                
     124   7   4  321    4  0.289060E+00       0                                
     125   7   4  130    3  0.290579E+00       0                                
     126   7   4  330    3  0.290870E+00       0                                
     127   7   4  110    5  0.395151E+00       0                                
     128   7   4  310    6  0.401242E+00       0                                
     129   7   4  121    5  0.404855E+00       0                                
     130   7   4  321    5  0.408807E+00       0                                
     131   7   4  130    4  0.409788E+00       0                                
     132   7   4  330    4  0.409977E+00       0                                
     133   7   4  110    6  0.477361E+00       0                                
     134   7   4  310    7  0.481328E+00       0                                
     135   7   4  121    6  0.483777E+00       0                                
     136   7   4  321    6  0.486377E+00       0                                
     137   7   4  130    5  0.487041E+00       0                                
     138   7   4  330    5  0.487170E+00       0                                
     139   7   4  110    7  0.533210E+00       0                                
     140   7   4  310    8  0.535942E+00       0                                
     141   7   4  121    7  0.537673E+00       0                                
     142   7   4  321    7  0.539477E+00       0                                
     143   7   4  130    6  0.539946E+00       0                                
     144   7   4  330    6  0.540037E+00       0                                
     145   7   4  110    8  0.572879E+00       0                                
     146   7   4  310    9  0.574841E+00       0                                
     147   7   4  121    8  0.576109E+00       0                                
     148   7   4  321    8  0.577412E+00       0                                
     149   7   4  130    7  0.577755E+00       0                                
     150   7   4  330    7  0.577822E+00       0                                
