NPMAX  :       122
NPIC   :        26
       1   7   3  200    1  -.718774E+01      90                                
       2   7   3  211    1  -.645458E+01      73                                
       3   7   3  200    2  -.303612E+01      79                                
       4   7   3  211    2  -.283878E+01      79                                
       5   7   3  220    1  -.278020E+01      82                                
       6   7   3  200    3  -.166848E+01      84                                
       7   7   3  211    3  -.158828E+01      83                                
       8   7   3  220    2  -.156374E+01      87                                
       9   7   3  200    4  -.105346E+01      89                                
      10   7   3  211    4  -.101321E+01      87                                
      11   7   3  220    3  -.100068E+01      97                                
      12   7   3  200    5  -.725103E+00      90                                
      13   7   3  211    5  -.702084E+00      90                                
      14   7   3  220    4  -.694856E+00     104                                
      15   7   3  200    6  -.529392E+00      96                                
      16   7   3  211    6  -.515013E+00      97                                
      17   7   3  220    5  -.510469E+00     110                                
      18   7   3  200    7  -.403422E+00     103                                
      19   7   3  211    7  -.393845E+00     103                                
      20   7   3  220    6  -.390805E+00     116                                
      21   7   3  200    8  -.317600E+00      95                                
      22   7   3  211    8  -.310902E+00     109                                
      23   7   3  220    7  -.308770E+00     122                                
      24   7   3  200    9  -.256513E+00      97                                
      25   7   3  211    9  -.251647E+00       0                                
      26   7   3  220    8  -.250094E+00       0                                
