NPMAX  :      1171
NPIC   :       268
       1   8   7  401    1  -.260437E+01     334                                
       2   8   7  221    1  -.234948E+01     503                                
       3   8   7  211    1  -.221657E+01     529                                
       4   8   7  410    1  -.151503E+01     769                                
       5   8   7  220    1  -.107511E+01    1066                                
       6   8   7  410    2  -.886722E+00     521                                
       7   8   7  210    1  -.853531E+00    1146                                
       8   8   7  200    1  -.784349E+00    1103                                
       9   8   7  201    1  -.721037E+00     506                                
      10   8   7  421    1  -.693617E+00     386                                
      11   8   7  411    1  -.678698E+00     433                                
      12   8   7  220    2  -.675127E+00     839                                
      13   8   7  221    2  -.648946E+00     643                                
      14   8   7  401    2  -.644298E+00     501                                
      15   8   7  210    2  -.632123E+00    1167                                
      16   8   7  211    2  -.624172E+00     649                                
      17   8   7  231    1  -.489182E+00     673                                
      18   8   7  221    3  -.478154E+00     774                                
      19   8   7  430    1  -.469745E+00     451                                
      20   8   7  410    3  -.459998E+00     627                                
      21   8   7  420    1  -.457632E+00     480                                
      22   8   7  230    1  -.456706E+00     667                                
      23   8   7  211    3  -.454269E+00     810                                
      24   8   7  210    3  -.450742E+00    1171                                
      25   8   7  220    3  -.442035E+00     729                                
      26   8   7  200    2  -.439964E+00     772                                
      27   8   7  410    4  -.405330E+00     572                                
      28   8   7  210    4  -.389280E+00     982                                
      29   8   7  201    2  -.348873E+00     608                                
      30   8   7  601    1  -.346695E+00       0                                
      31   8   7  421    2  -.340857E+00     427                                
      32   8   7  411    2  -.336481E+00     409                                
      33   8   7  401    3  -.336449E+00     537                                
      34   8   7  221    4  -.320037E+00     734                                
      35   8   7  211    4  -.315060E+00     736                                
      36   8   7  230    2  -.288479E+00     863                                
      37   8   7  240    1  -.274807E+00       0                                
      38   8   7  220    4  -.272290E+00    1063                                
      39   8   7  210    5  -.264650E+00    1120                                
      40   8   7  430    2  -.262433E+00     496                                
      41   8   7  211    5  -.261778E+00     835                                
      42   8   7  420    2  -.258026E+00     550                                
      43   8   7  410    5  -.256938E+00     702                                
      44   8   7  401    4  -.255862E+00     752                                
      45   8   7  210    6  -.255124E+00    1121                                
      46   8   7  230    3  -.253999E+00     795                                
      47   8   7  421    3  -.251589E+00     628                                
      48   8   7  221    5  -.251582E+00     748                                
      49   8   7  441    1  -.251006E+00       0                                
      50   8   7  241    1  -.250909E+00       0                                
      51   8   7  220    5  -.249749E+00     827                                
      52   8   7  431    1  -.249255E+00     530                                
      53   8   7  231    2  -.249139E+00     649                                
      54   8   7  200    3  -.247039E+00     903                                
      55   8   7  410    6  -.232595E+00     668                                
      56   8   7  210    7  -.226160E+00     899                                
      57   8   7  220    6  -.215832E+00     904                                
      58   8   7  201    3  -.207072E+00     682                                
      59   8   7  421    4  -.203531E+00     496                                
      60   8   7  411    3  -.201506E+00     482                                
      61   8   7  221    6  -.196660E+00     735                                
      62   8   7  211    6  -.191323E+00     815                                
      63   8   7  401    5  -.188013E+00     700                                
      64   8   7  430    3  -.166750E+00     522                                
      65   8   7  420    3  -.164511E+00     538                                
      66   8   7  410    7  -.163885E+00     730                                
      67   8   7  210    8  -.163854E+00    1067                                
      68   8   7  230    4  -.162963E+00     725                                
      69   8   7  421    5  -.160893E+00     652                                
      70   8   7  221    7  -.160889E+00     784                                
      71   8   7  441    2  -.160597E+00       0                                
      72   8   7  241    2  -.160517E+00       0                                
      73   8   7  230    5  -.160169E+00     763                                
      74   8   7  430    4  -.160169E+00     653                                
      75   8   7  220    7  -.159980E+00     873                                
      76   8   7  440    1  -.159845E+00       0                                
      77   8   7  240    2  -.159844E+00       0                                
      78   8   7  431    2  -.159667E+00     528                                
      79   8   7  231    3  -.159575E+00     679                                
      80   8   7  231    4  -.150967E+00     605                                
      81   8   7  410    8  -.150917E+00     727                                
      82   8   7  221    8  -.150402E+00     879                                
      83   8   7  210    9  -.147547E+00     938                                
      84   8   7  211    7  -.143044E+00     823                                
      85   8   7  610    1  -.139814E+00       0                                
      86   8   7  201    4  -.137162E+00     733                                
      87   8   7  421    6  -.135336E+00     555                                
      88   8   7  411    4  -.134255E+00     533                                
      89   8   7  401    6  -.128610E+00     649                                
      90   8   7  221    9  -.128203E+00     838                                
      91   8   7  211    8  -.125257E+00     867                                
      92   8   7  430    5  -.115120E+00     515                                
      93   8   7  420    4  -.113839E+00     539                                
      94   8   7  410    9  -.113646E+00     705                                
      95   8   7  210   10  -.113547E+00    1027                                
      96   8   7  230    6  -.113096E+00     732                                
      97   8   7  421    7  -.111636E+00     650                                
      98   8   7  221   10  -.111633E+00     772                                
      99   8   7  441    3  -.111475E+00       0                                
     100   8   7  241    3  -.111419E+00       0                                
     101   8   7  430    6  -.111238E+00     662                                
     102   8   7  230    7  -.111238E+00     790                                
     103   8   7  220    8  -.111179E+00     863                                
     104   8   7  441    4  -.111137E+00       0                                
     105   8   7  241    4  -.111137E+00       0                                
     106   8   7  440    2  -.111006E+00       0                                
     107   8   7  240    3  -.111005E+00       0                                
     108   8   7  431    3  -.110951E+00     527                                
     109   8   7  231    5  -.110884E+00     658                                
     110   8   7  410   10  -.105905E+00     736                                
     111   8   7  210   11  -.103809E+00     947                                
     112   8   7  201    5  -.975601E-01     732                                
     113   8   7  421    8  -.964977E-01     572                                
     114   8   7  411    5  -.958521E-01     558                                
     115   8   7  221   11  -.932856E-01     835                                
     116   8   7  401    7  -.927384E-01     645                                
     117   8   7  211    9  -.918607E-01     851                                
     118   8   7  410   11  -.844606E-01     718                                
     119   8   7  430    7  -.841911E-01     517                                
     120   8   7  230    8  -.838009E-01     801                                
     121   8   7  420    5  -.833939E-01     540                                
     122   8   7  210   12  -.833055E-01    1019                                
     123   8   7  421    9  -.819657E-01     686                                
     124   8   7  221   12  -.819638E-01     797                                
     125   8   7  441    5  -.818690E-01       0                                
     126   8   7  220    9  -.818377E-01     896                                
     127   8   7  241    5  -.818301E-01       0                                
     128   8   7  430    8  -.817226E-01     669                                
     129   8   7  230    9  -.817226E-01     822                                
     130   8   7  441    6  -.816500E-01       0                                
     131   8   7  241    6  -.816497E-01       0                                
     132   8   7  440    3  -.815614E-01       0                                
     133   8   7  240    4  -.815609E-01       0                                
     134   8   7  431    4  -.815452E-01     542                                
     135   8   7  231    6  -.814980E-01     679                                
     136   8   7  410   12  -.793761E-01     906                                
     137   8   7  230   10  -.775122E-01     975                                
     138   8   7  210   13  -.769930E-01     964                                
     139   8   7  410   13  -.757316E-01     880                                
     140   8   7  220   10  -.747217E-01    1149                                
     141   8   7  240    5  -.746673E-01       0                                
     142   8   7  201    6  -.729488E-01     735                                
     143   8   7  421   10  -.722759E-01     605                                
     144   8   7  411    6  -.718590E-01     573                                
     145   8   7  221   13  -.703875E-01     823                                
     146   8   7  401    8  -.699261E-01     642                                
     147   8   7  211   10  -.694923E-01     846                                
     148   8   7  210   14  -.693707E-01    1034                                
     149   8   7  241    7  -.691204E-01       0                                
     150   8   7  231    7  -.687745E-01     836                                
     151   8   7  221   14  -.671414E-01     952                                
     152   8   7  200    4  -.662558E-01     976                                
     153   8   7  211   11  -.653645E-01     980                                
     154   8   7  430    9  -.642270E-01     515                                
     155   8   7  420    6  -.636982E-01     556                                
     156   8   7  210   15  -.633795E-01    1016                                
     157   8   7  220   11  -.633082E-01    1024                                
     158   8   7  410   14  -.630587E-01     839                                
     159   8   7  230   11  -.630333E-01     773                                
     160   8   7  421   11  -.627244E-01     691                                
     161   8   7  221   15  -.627229E-01     801                                
     162   8   7  441    7  -.626616E-01       0                                
     163   8   7  241    8  -.626335E-01       0                                
     164   8   7  430   10  -.625642E-01     670                                
     165   8   7  230   12  -.625640E-01     841                                
     166   8   7  441    8  -.625122E-01       0                                
     167   8   7  241    9  -.625119E-01       0                                
     168   8   7  440    4  -.624504E-01       0                                
     169   8   7  240    6  -.624499E-01       0                                
     170   8   7  431    5  -.624471E-01     548                                
     171   8   7  231    8  -.624134E-01     685                                
     172   8   7  220   12  -.610559E-01    1069                                
     173   8   7  410   15  -.600015E-01     734                                
     174   8   7  210   16  -.593676E-01     945                                
     175   8   7  201    7  -.566072E-01     729                                
     176   8   7  421   12  -.561539E-01     614                                
     177   8   7  411    7  -.558687E-01     576                                
     178   8   7  221   16  -.549529E-01     819                                
     179   8   7  401    9  -.545786E-01     627                                
     180   8   7  211   12  -.543453E-01     840                                
     181   8   7  430   11  -.506014E-01     515                                
     182   8   7  420    7  -.502329E-01     558                                
     183   8   7  210   17  -.501030E-01     996                                
     184   8   7  410   16  -.498935E-01     810                                
     185   8   7  230   13  -.498483E-01     751                                
     186   8   7  421   13  -.495411E-01     679                                
     187   8   7  221   17  -.495400E-01     787                                
     188   8   7  441    9  -.494979E-01       0                                
     189   8   7  241   10  -.494774E-01       0                                
     190   8   7  430   12  -.494296E-01     661                                
     191   8   7  230   14  -.494295E-01     807                                
     192   8   7  441   10  -.493916E-01       0                                
     193   8   7  241   11  -.493914E-01       0                                
     194   8   7  431    6  -.493482E-01     538                                
     195   8   7  440    5  -.493470E-01       0                                
     196   8   7  240    7  -.493467E-01       0                                
     197   8   7  231    9  -.493235E-01     680                                
     198   8   7  220   13  -.493047E-01     932                                
     199   8   7  410   17  -.476690E-01     690                                
     200   8   7  210   18  -.471717E-01     935                                
     201   8   7  220   14  -.466160E-01     866                                
     202   8   7  201    8  -.452030E-01     706                                
     203   8   7  421   14  -.448830E-01     590                                
     204   8   7  411    8  -.446792E-01     558                                
     205   8   7  221   18  -.440930E-01     797                                
     206   8   7  401   10  -.437728E-01     623                                
     207   8   7  211   13  -.436566E-01     827                                
     208   8   7  430   13  -.408911E-01     494                                
     209   8   7  420    8  -.406242E-01       0                                
     210   8   7  210   19  -.405409E-01       0                                
     211   8   7  410   18  -.403991E-01       0                                
     212   8   7  230   15  -.403631E-01       0                                
     213   8   7  421   15  -.401158E-01       0                                
     214   8   7  221   19  -.401151E-01       0                                
     215   8   7  441   11  -.400849E-01       0                                
     216   8   7  241   12  -.400695E-01       0                                
     217   8   7  430   14  -.400350E-01       0                                
     218   8   7  230   16  -.400350E-01       0                                
     219   8   7  200    5  -.318671E-02       0                                
     220   8   7  200    6  0.255923E-01       0                                
     221   8   7  200    7  0.723873E-01       0                                
     222   8   7  621    1  0.818189E-01       0                                
     223   8   7  200    8  0.101430E+00       0                                
     224   8   7  200    9  0.120389E+00       0                                
     225   8   7  200   10  0.133418E+00       0                                
     226   8   7  601    2  0.141678E+00       0                                
     227   8   7  200   11  0.142747E+00       0                                
     228   8   7  610    2  0.208971E+00       0                                
     229   8   7  621    2  0.286285E+00       0                                
     230   8   7  630    1  0.297690E+00       0                                
     231   8   7  601    3  0.315068E+00       0                                
     232   8   7  610    3  0.345298E+00       0                                
     233   8   7  621    3  0.381448E+00       0                                
     234   8   7  630    2  0.387711E+00       0                                
     235   8   7  641    1  0.387805E+00       0                                
     236   8   7  601    4  0.396931E+00       0                                
     237   8   7  610    4  0.413056E+00       0                                
     238   8   7  621    4  0.432890E+00       0                                
     239   8   7  630    3  0.436628E+00       0                                
     240   8   7  641    2  0.436694E+00       0                                
     241   8   7  601    5  0.442075E+00       0                                
     242   8   7  610    5  0.451674E+00       0                                
     243   8   7  621    5  0.463734E+00       0                                
     244   8   7  630    4  0.466126E+00       0                                
     245   8   7  641    3  0.466173E+00       0                                
     246   8   7  601    6  0.469602E+00       0                                
     247   8   7  610    6  0.475774E+00       0                                
     248   8   7  621    6  0.483655E+00       0                                
     249   8   7  630    5  0.485272E+00       0                                
     250   8   7  641    4  0.485306E+00       0                                
     251   8   7  601    7  0.487622E+00       0                                
     252   8   7  610    7  0.491823E+00       0                                
     253   8   7  621    7  0.497256E+00       0                                
     254   8   7  630    6  0.498398E+00       0                                
     255   8   7  641    5  0.498423E+00       0                                
     256   8   7  601    8  0.500060E+00       0                                
     257   8   7  610    8  0.503047E+00       0                                
     258   8   7  621    8  0.506951E+00       0                                
     259   8   7  630    7  0.507787E+00       0                                
     260   8   7  641    6  0.507806E+00       0                                
     261   8   7  400    1  0.620305E+00       0                                
     262   8   7  400    2  0.960542E+00       0                                
     263   8   7  400    3  0.109474E+01       0                                
     264   8   7  400    4  0.116172E+01       0                                
     265   8   7  400    5  0.119998E+01       0                                
     266   8   7  400    6  0.122389E+01       0                                
     267   8   7  400    7  0.123984E+01       0                                
     268   8   7  400    8  0.125099E+01       0                                
