        1403      31
LABEL20001    72
 5.984977E+18  5.256625E+18  4.616913E+18  4.055056E+18  3.561570E+18  3.128142E+18  2.747459E+18  2.413104E+18  2.119438E+18
 1.861511E+18  1.634972E+18  1.436002E+18  1.261246E+18  1.107759E+18  9.729486E+17  8.545443E+17  7.505500E+17  6.592110E+17
 5.789876E+17  5.085270E+17  4.466412E+17  3.922867E+17  3.445469E+17  3.026170E+17  2.657896E+17  2.334440E+17  2.050348E+17
 1.800828E+17  1.581674E+17  1.389192E+17  1.220133E+17  1.071647E+17  9.412322E+16  8.266879E+16  7.260829E+16  6.377216E+16
 5.601134E+16  4.919498E+16  4.320814E+16  3.794989E+16  3.333155E+16  2.927523E+16  2.571255E+16  2.258343E+16  1.983512E+16
 1.742126E+16  1.610530E+16  1.584211E+16  1.557891E+16  1.531572E+16  1.505253E+16  1.478934E+16  1.452614E+16  1.426295E+16
 1.399976E+16  1.373656E+16  1.347337E+16  1.321018E+16  1.294699E+16  1.268380E+16  1.242060E+16  1.215741E+16  1.189422E+16
 1.163102E+16  1.136783E+16  1.110464E+16  1.084145E+16  1.073617E+16  1.063089E+16  1.052562E+16  1.042034E+16  1.031506E+16
 2.758E-22  3.189E-22  3.688E-22  4.265E-22  4.933E-22  5.704E-22  6.597E-22  7.629E-22  8.823E-22  1.020E-21  1.180E-21  1.365E-21
 1.578E-21  1.825E-21  2.111E-21  2.441E-21  2.823E-21  3.265E-21  3.776E-21  4.367E-21  5.050E-21  5.840E-21  6.754E-21  7.811E-21
 9.033E-21  1.045E-20  1.208E-20  1.397E-20  1.616E-20  1.869E-20  2.161E-20  2.499E-20  2.890E-20  3.342E-20  3.865E-20  4.470E-20
 5.170E-20  5.979E-20  6.914E-20  7.996E-20  9.248E-20  1.069E-19  1.237E-19  1.430E-19  1.654E-19  1.913E-19  2.093E-19  2.131E-19
 2.170E-19  2.210E-19  2.251E-19  2.293E-19  2.336E-19  2.380E-19  2.424E-19  2.470E-19  2.517E-19  2.566E-19  2.615E-19  2.666E-19
 2.718E-19  2.771E-19  2.825E-19  2.881E-19  2.938E-19  2.995E-19  3.054E-19  3.078E-19  3.102E-19  3.126E-19  3.150E-19  3.175E-19
LABEL20002    66
 7.699084E+17  6.914738E+17  6.210293E+17  5.577615E+17  5.009392E+17  4.499058E+17  4.040715E+17  3.629063E+17  3.259348E+17
 2.927300E+17  2.629080E+17  2.361240E+17  2.120687E+17  1.904640E+17  1.710604E+17  1.536336E+17  1.379821E+17  1.239251E+17
 1.113002E+17  9.996136E+16  8.977775E+16  8.063155E+16  7.241719E+16  6.503963E+16  5.841366E+16  5.246272E+16  4.711807E+16
 4.231786E+16  3.800670E+16  3.413475E+16  3.065728E+16  2.753405E+16  2.472900E+16  2.220972E+16  1.994709E+16  1.791497E+16
 1.608986E+16  1.445070E+16  1.297853E+16  1.165633E+16  1.034037E+16  1.007718E+16  9.813983E+15  9.550792E+15  9.287599E+15
 9.024406E+15  8.761214E+15  8.498022E+15  8.234829E+15  7.971636E+15  7.708444E+15  7.445251E+15  7.182059E+15  6.918866E+15
 6.655674E+15  6.392481E+15  6.129289E+15  5.866096E+15  5.602904E+15  5.339712E+15  5.076519E+15  4.971242E+15  4.865965E+15
 4.760688E+15  4.655411E+15  4.550137E+15
 3.447E-22  4.019E-22  4.685E-22  5.461E-22  6.367E-22  7.422E-22  8.652E-22  1.009E-21  1.176E-21  1.371E-21  1.598E-21  1.863E-21
 2.172E-21  2.531E-21  2.951E-21  3.440E-21  4.010E-21  4.675E-21  5.450E-21  6.353E-21  7.407E-21  8.634E-21  1.007E-20  1.173E-20
 1.368E-20  1.595E-20  1.859E-20  2.167E-20  2.526E-20  2.945E-20  3.433E-20  4.002E-20  4.665E-20  5.439E-20  6.340E-20  7.391E-20
 8.616E-20  1.004E-19  1.171E-19  1.365E-19  1.622E-19  1.682E-19  1.746E-19  1.814E-19  1.886E-19  1.962E-19  2.043E-19  2.130E-19
 2.222E-19  2.321E-19  2.426E-19  2.538E-19  2.658E-19  2.786E-19  2.924E-19  3.071E-19  3.228E-19  3.397E-19  3.577E-19  3.768E-19
 3.972E-19  4.056E-19  4.143E-19  4.231E-19  4.320E-19  4.411E-19
LABEL20003    62
 3.115601E+17  2.816300E+17  2.545750E+17  2.301190E+17  2.080126E+17  1.880296E+17  1.699663E+17  1.536385E+17  1.388791E+17
 1.255376E+17  1.134777E+17  1.025764E+17  9.272231E+16  8.381484E+16  7.576318E+16  6.848492E+16  6.190586E+16  5.595884E+16
 5.058313E+16  4.572381E+16  4.133135E+16  3.736083E+16  3.377171E+16  3.052741E+16  2.759478E+16  2.494386E+16  2.254761E+16
 2.038157E+16  1.842360E+16  1.665372E+16  1.505388E+16  1.360772E+16  1.230047E+16  1.111883E+16  1.005069E+16  9.085157E+15
 8.212391E+15  7.949200E+15  7.686007E+15  7.422814E+15  7.159622E+15  6.896430E+15  6.633237E+15  6.370044E+15  6.106852E+15
 5.843659E+15  5.580467E+15  5.317274E+15  5.054082E+15  4.790889E+15  4.527697E+15  4.264504E+15  4.001312E+15  3.738120E+15
 3.474927E+15  3.211735E+15  2.948542E+15  2.843265E+15  2.737989E+15  2.632711E+15  2.527434E+15  2.422158E+15
 4.362E-22  5.097E-22  5.956E-22  6.960E-22  8.133E-22  9.504E-22  1.111E-21  1.298E-21  1.517E-21  1.772E-21  2.071E-21  2.420E-21
 2.828E-21  3.305E-21  3.862E-21  4.513E-21  5.274E-21  6.163E-21  7.201E-21  8.415E-21  9.834E-21  1.149E-20  1.343E-20  1.569E-20
 1.834E-20  2.143E-20  2.504E-20  2.926E-20  3.419E-20  3.996E-20  4.669E-20  5.457E-20  6.376E-20  7.451E-20  8.707E-20  1.017E-19
 1.189E-19  1.250E-19  1.317E-19  1.390E-19  1.469E-19  1.555E-19  1.650E-19  1.753E-19  1.867E-19  1.993E-19  2.133E-19  2.288E-19
 2.460E-19  2.654E-19  2.872E-19  3.118E-19  3.397E-19  3.715E-19  4.077E-19  4.492E-19  4.966E-19  5.174E-19  5.393E-19  5.623E-19
 5.863E-19  6.114E-19
LABEL20004    59
 1.802296E+17  1.634664E+17  1.482623E+17  1.344724E+17  1.219651E+17  1.106212E+17  1.003323E+17  9.100038E+16  8.253644E+16
 7.485971E+16  6.789698E+16  6.158187E+16  5.585412E+16  5.065916E+16  4.594735E+16  4.167380E+16  3.779773E+16  3.428213E+16
 3.109354E+16  2.820153E+16  2.557850E+16  2.319945E+16  2.104167E+16  1.908459E+16  1.730953E+16  1.569957E+16  1.423935E+16
 1.291495E+16  1.171372E+16  1.062423E+16  9.636073E+15  8.739819E+15  7.926926E+15  7.189645E+15  6.926453E+15  6.663261E+15
 6.400068E+15  6.136876E+15  5.873683E+15  5.610491E+15  5.347298E+15  5.084106E+15  4.820913E+15  4.557721E+15  4.294528E+15
 4.031336E+15  3.768143E+15  3.504950E+15  3.241758E+15  2.978565E+15  2.715373E+15  2.452180E+15  2.188988E+15  1.925795E+15
 1.820518E+15  1.715242E+15  1.609964E+15  1.504687E+15  1.444347E+15
 4.737E-22  5.542E-22  6.485E-22  7.588E-22  8.878E-22  1.039E-21  1.215E-21  1.422E-21  1.664E-21  1.947E-21  2.278E-21  2.666E-21
 3.119E-21  3.649E-21  4.270E-21  4.996E-21  5.846E-21  6.840E-21  8.003E-21  9.364E-21  1.096E-20  1.282E-20  1.500E-20  1.755E-20
 2.054E-20  2.403E-20  2.811E-20  3.290E-20  3.849E-20  4.504E-20  5.269E-20  6.166E-20  7.214E-20  8.441E-20  8.966E-20  9.545E-20
 1.018E-19  1.089E-19  1.168E-19  1.257E-19  1.356E-19  1.469E-19  1.597E-19  1.743E-19  1.912E-19  2.107E-19  2.336E-19  2.606E-19
 2.927E-19  3.314E-19  3.786E-19  4.367E-19  5.092E-19  6.007E-19  6.437E-19  6.911E-19  7.430E-19  7.996E-19  1.146E-17
LABEL20005    54
 1.051242E+17  9.556414E+16  8.687342E+16  7.897295E+16  7.179104E+16  6.526229E+16  5.932720E+16  5.393189E+16  4.902727E+16
 4.456865E+16  4.051552E+16  3.683096E+16  3.348151E+16  3.043666E+16  2.766869E+16  2.515247E+16  2.286505E+16  2.078567E+16
 1.889540E+16  1.717703E+16  1.561492E+16  1.419487E+16  1.290397E+16  1.173047E+16  1.066368E+16  9.693905E+15  8.812329E+15
 8.010918E+15  7.282398E+15  6.620127E+15  6.356934E+15  6.093741E+15  5.830549E+15  5.567357E+15  5.304164E+15  5.040971E+15
 4.777780E+15  4.514587E+15  4.251394E+15  3.988202E+15  3.725009E+15  3.461817E+15  3.198626E+15  2.935433E+15  2.672241E+15
 2.409048E+15  2.145856E+15  1.882663E+15  1.619471E+15  1.356278E+15  1.251001E+15  1.145724E+15  1.040447E+15  1.017208E+15
 6.161E-22  7.215E-22  8.450E-22  9.895E-22  1.159E-21  1.357E-21  1.589E-21  1.861E-21  2.180E-21  2.552E-21  2.989E-21  3.501E-21
 4.099E-21  4.801E-21  5.622E-21  6.584E-21  7.711E-21  9.030E-21  1.057E-20  1.238E-20  1.450E-20  1.698E-20  1.989E-20  2.329E-20
 2.728E-20  3.194E-20  3.741E-20  4.381E-20  5.130E-20  6.008E-20  6.426E-20  6.893E-20  7.416E-20  8.004E-20  8.669E-20  9.427E-20
 1.029E-19  1.130E-19  1.246E-19  1.383E-19  1.544E-19  1.738E-19  1.973E-19  2.262E-19  2.624E-19  3.083E-19  3.681E-19  4.478E-19
 5.571E-19  7.115E-19  7.910E-19  8.835E-19  9.910E-19  9.821E-18
LABEL20006    49
 6.560329E+16  5.972291E+16  5.436958E+16  4.949617E+16  4.505957E+16  4.102062E+16  3.734372E+16  3.399641E+16  3.094912E+16
 2.817497E+16  2.564947E+16  2.335037E+16  2.125735E+16  1.935194E+16  1.761731E+16  1.603819E+16  1.460060E+16  1.329186E+16
 1.210044E+16  1.101581E+16  1.002840E+16  9.129498E+15  8.311174E+15  7.566199E+15  6.887994E+15  6.270587E+15  6.007394E+15
 5.744203E+15  5.481010E+15  5.217817E+15  4.954625E+15  4.691433E+15  4.428240E+15  4.165047E+15  3.901855E+15  3.638662E+15
 3.375470E+15  3.112279E+15  2.849086E+15  2.585894E+15  2.322701E+15  2.059508E+15  1.796316E+15  1.533123E+15  1.269931E+15
 1.006739E+15  9.014616E+14  7.961845E+14  7.550532E+14
 8.266E-22  9.685E-22  1.135E-21  1.330E-21  1.558E-21  1.826E-21  2.139E-21  2.507E-21  2.937E-21  3.441E-21  4.032E-21  4.725E-21
 5.536E-21  6.487E-21  7.601E-21  8.907E-21  1.044E-20  1.223E-20  1.433E-20  1.679E-20  1.967E-20  2.305E-20  2.701E-20  3.165E-20
 3.708E-20  4.345E-20  4.671E-20  5.038E-20  5.453E-20  5.925E-20  6.465E-20  7.087E-20  7.809E-20  8.656E-20  9.657E-20  1.086E-19
 1.231E-19  1.409E-19  1.631E-19  1.915E-19  2.283E-19  2.776E-19  3.456E-19  4.433E-19  5.909E-19  8.279E-19  9.635E-19  1.133E-18
 8.652E-18
LABEL20007    47
 6.221160E+16  5.669676E+16  5.167087E+16  4.709050E+16  4.291613E+16  3.911181E+16  3.564475E+16  3.248500E+16  2.960533E+16
 2.698096E+16  2.458922E+16  2.240948E+16  2.042299E+16  1.861259E+16  1.696267E+16  1.545900E+16  1.408863E+16  1.283974E+16
 1.170156E+16  1.066426E+16  9.718925E+15  8.857384E+15  8.072219E+15  7.356655E+15  6.040692E+15  5.777499E+15  5.514307E+15
 5.251114E+15  4.987922E+15  4.724729E+15  4.461537E+15  4.198344E+15  3.935152E+15  3.671960E+15  3.408767E+15  3.145573E+15
 2.882381E+15  2.619188E+15  2.355996E+15  2.092803E+15  1.829611E+15  1.566418E+15  1.303226E+15  1.040033E+15  7.768409E+14
 6.715639E+14  5.826315E+14
 5.919E-22  6.938E-22  8.133E-22  9.533E-22  1.118E-21  1.310E-21  1.536E-21  1.800E-21  2.110E-21  2.473E-21  2.899E-21  3.399E-21
 3.984E-21  4.670E-21  5.475E-21  6.418E-21  7.523E-21  8.818E-21  1.034E-20  1.212E-20  1.420E-20  1.665E-20  1.952E-20  2.288E-20
 3.207E-20  3.461E-20  3.748E-20  4.075E-20  4.449E-20  4.881E-20  5.384E-20  5.973E-20  6.672E-20  7.510E-20  8.528E-20  9.781E-20
 1.135E-19  1.336E-19  1.599E-19  1.952E-19  2.445E-19  3.162E-19  4.268E-19  6.107E-19  9.492E-19  1.168E-18  7.703E-18
LABEL20008    47
 5.375052E+16  4.901684E+16  4.470002E+16  4.076338E+16  3.717344E+16  3.389965E+16  3.091417E+16  2.819163E+16  2.570887E+16
 2.344474E+16  2.138001E+16  1.949712E+16  1.778005E+16  1.621420E+16  1.478626E+16  1.348406E+16  1.229655E+16  1.121362E+16
 1.022606E+16  9.325471E+15  8.504200E+15  7.755250E+15  7.072265E+15  6.449423E+15  5.881441E+15  5.618248E+15  5.355055E+15
 5.091864E+15  4.828671E+15  4.565478E+15  4.302286E+15  4.039093E+15  3.775901E+15  3.512709E+15  3.249515E+15  2.986323E+15
 2.723130E+15  2.459938E+15  2.196745E+15  1.933553E+15  1.670360E+15  1.407168E+15  1.143975E+15  8.807828E+14  6.175904E+14
 5.123134E+14  4.631931E+14
 5.300E-22  6.214E-22  7.287E-22  8.544E-22  1.002E-21  1.175E-21  1.377E-21  1.615E-21  1.893E-21  2.220E-21  2.603E-21  3.052E-21
 3.578E-21  4.196E-21  4.920E-21  5.768E-21  6.763E-21  7.930E-21  9.298E-21  1.090E-20  1.278E-20  1.499E-20  1.757E-20  2.061E-20
 2.416E-20  2.615E-20  2.841E-20  3.099E-20  3.396E-20  3.742E-20  4.146E-20  4.625E-20  5.197E-20  5.890E-20  6.741E-20  7.803E-20
 9.156E-20  1.092E-19  1.327E-19  1.653E-19  2.124E-19  2.843E-19  4.023E-19  6.175E-19  1.075E-18  1.414E-18  7.122E-18
LABEL21101    71
 3.365495E+18  2.977174E+18  2.633661E+18  2.329781E+18  2.060964E+18  1.823164E+18  1.612802E+18  1.426713E+18  1.262094E+18
 1.116470E+18  9.876482E+17  8.736902E+17  7.728821E+17  6.837046E+17  6.048167E+17  5.350312E+17  4.732974E+17  4.186869E+17
 3.703779E+17  3.276428E+17  2.898382E+17  2.563960E+17  2.268121E+17  2.006421E+17  1.774913E+17  1.570119E+17  1.388953E+17
 1.228692E+17  1.086922E+17  9.615099E+16  8.505680E+16  7.524268E+16  6.656096E+16  5.888097E+16  5.208714E+16  4.607717E+16
 4.076065E+16  3.605760E+16  3.189716E+16  2.821677E+16  2.496104E+16  2.208096E+16  1.953320E+16  1.727939E+16  1.528565E+16
 1.396969E+16  1.370650E+16  1.344331E+16  1.318011E+16  1.291692E+16  1.265373E+16  1.239054E+16  1.212734E+16  1.186415E+16
 1.160096E+16  1.133777E+16  1.107457E+16  1.081138E+16  1.054819E+16  1.028500E+16  1.002180E+16  9.758611E+15  9.495419E+15
 9.232227E+15  8.969034E+15  8.705842E+15  8.600565E+15  8.495287E+15  8.390011E+15  8.284734E+15  8.179457E+15
 4.844E-22  5.616E-22  6.511E-22  7.549E-22  8.752E-22  1.015E-21  1.176E-21  1.364E-21  1.581E-21  1.833E-21  2.125E-21  2.464E-21
 2.857E-21  3.312E-21  3.840E-21  4.452E-21  5.162E-21  5.984E-21  6.938E-21  8.044E-21  9.326E-21  1.081E-20  1.254E-20  1.453E-20
 1.685E-20  1.953E-20  2.265E-20  2.626E-20  3.044E-20  3.529E-20  4.092E-20  4.744E-20  5.500E-20  6.377E-20  7.393E-20  8.572E-20
 9.938E-20  1.152E-19  1.336E-19  1.549E-19  1.795E-19  2.082E-19  2.413E-19  2.798E-19  3.244E-19  3.635E-19  3.716E-19  3.797E-19
 3.879E-19  3.962E-19  4.045E-19  4.129E-19  4.212E-19  4.296E-19  4.380E-19  4.464E-19  4.547E-19  4.629E-19  4.711E-19  4.792E-19
 4.871E-19  4.949E-19  5.025E-19  5.098E-19  5.168E-19  5.234E-19  5.260E-19  5.284E-19  5.308E-19  5.331E-19  5.353E-19
LABEL21102    67
 1.167915E+18  1.038880E+18  9.241014E+17  8.220037E+17  7.311856E+17  6.504019E+17  5.785434E+17  5.146242E+17  4.577668E+17
 4.071913E+17  3.622032E+17  3.221856E+17  2.865896E+17  2.549262E+17  2.267611E+17  2.017078E+17  1.794224E+17  1.595992E+17
 1.419662E+17  1.262813E+17  1.123292E+17  9.991875E+16  8.887937E+16  7.905970E+16  7.032497E+16  6.255519E+16  5.564386E+16
 4.949617E+16  4.402766E+16  3.916334E+16  3.483645E+16  3.098760E+16  2.756398E+16  2.451864E+16  2.180973E+16  1.940013E+16
 1.725674E+16  1.535015E+16  1.365421E+16  1.214565E+16  1.080376E+16  9.610125E+15  9.346932E+15  9.083740E+15  8.820547E+15
 8.557355E+15  8.294163E+15  8.030970E+15  7.767777E+15  7.504585E+15  7.241392E+15  6.978200E+15  6.715007E+15  6.451815E+15
 6.188623E+15  5.925430E+15  5.662237E+15  5.399045E+15  5.135853E+15  4.872660E+15  4.609467E+15  4.346275E+15  4.240998E+15
 4.135721E+15  4.030444E+15  3.925167E+15  3.819890E+15
 5.443E-22  6.323E-22  7.346E-22  8.533E-22  9.913E-22  1.152E-21  1.338E-21  1.554E-21  1.805E-21  2.097E-21  2.436E-21  2.830E-21
 3.287E-21  3.819E-21  4.436E-21  5.153E-21  5.986E-21  6.954E-21  8.078E-21  9.384E-21  1.090E-20  1.266E-20  1.471E-20  1.709E-20
 1.985E-20  2.306E-20  2.679E-20  3.112E-20  3.615E-20  4.199E-20  4.878E-20  5.667E-20  6.583E-20  7.647E-20  8.884E-20  1.032E-19
 1.199E-19  1.393E-19  1.618E-19  1.879E-19  2.183E-19  2.536E-19  2.631E-19  2.730E-19  2.834E-19  2.942E-19  3.056E-19  3.176E-19
 3.301E-19  3.433E-19  3.572E-19  3.718E-19  3.872E-19  4.035E-19  4.207E-19  4.389E-19  4.583E-19  4.790E-19  5.012E-19  5.251E-19
 5.512E-19  5.799E-19  5.923E-19  6.053E-19  6.190E-19  6.336E-19  6.490E-19
LABEL21103    63
 4.234767E+17  3.807385E+17  3.423137E+17  3.077669E+17  2.767064E+17  2.487805E+17  2.236732E+17  2.010997E+17  1.808043E+17
 1.625573E+17  1.461517E+17  1.314018E+17  1.181404E+17  1.062175E+17  9.549785E+16  8.586004E+16  7.719488E+16  6.940425E+16
 6.239984E+16  5.610234E+16  5.044041E+16  4.534984E+16  4.077306E+16  3.665817E+16  3.295854E+16  2.963232E+16  2.664177E+16
 2.395305E+16  2.153566E+16  1.936225E+16  1.740817E+16  1.565131E+16  1.407175E+16  1.265160E+16  1.137478E+16  1.022681E+16
 9.194708E+15  7.878746E+15  7.615554E+15  7.352361E+15  7.089168E+15  6.825976E+15  6.562784E+15  6.299591E+15  6.036398E+15
 5.773206E+15  5.510014E+15  5.246821E+15  4.983629E+15  4.720436E+15  4.457244E+15  4.194051E+15  3.930858E+15  3.667666E+15
 3.404474E+15  3.141281E+15  2.878088E+15  2.614896E+15  2.509619E+15  2.404342E+15  2.299065E+15  2.193788E+15  2.088511E+15
 5.412E-22  6.312E-22  7.361E-22  8.584E-22  1.001E-21  1.168E-21  1.362E-21  1.588E-21  1.852E-21  2.160E-21  2.519E-21  2.937E-21
 3.425E-21  3.995E-21  4.659E-21  5.433E-21  6.336E-21  7.389E-21  8.617E-21  1.005E-20  1.172E-20  1.367E-20  1.594E-20  1.859E-20
 2.168E-20  2.528E-20  2.948E-20  3.438E-20  4.010E-20  4.676E-20  5.454E-20  6.360E-20  7.417E-20  8.650E-20  1.009E-19  1.176E-19
 1.372E-19  1.724E-19  1.809E-19  1.900E-19  1.998E-19  2.104E-19  2.218E-19  2.342E-19  2.476E-19  2.622E-19  2.782E-19  2.958E-19
 3.153E-19  3.370E-19  3.613E-19  3.889E-19  4.205E-19  4.571E-19  5.004E-19  5.526E-19  6.172E-19  7.000E-19  7.404E-19  7.861E-19
 8.385E-19  8.992E-19  9.704E-19
LABEL21104    58
 2.071116E+17  1.863167E+17  1.676097E+17  1.507811E+17  1.356421E+17  1.220231E+17  1.097716E+17  9.875009E+16  8.883520E+16
 7.991580E+16  7.189195E+16  6.467373E+16  5.818021E+16  5.233875E+16  4.708375E+16  4.235636E+16  3.810363E+16  3.427786E+16
 3.083622E+16  2.774015E+16  2.495493E+16  2.244936E+16  2.019536E+16  1.816768E+16  1.634358E+16  1.470262E+16  1.322642E+16
 1.189845E+16  1.070380E+16  9.629094E+15  8.662296E+15  7.792564E+15  7.010165E+15  6.746973E+15  6.483780E+15  6.220587E+15
 5.957395E+15  5.694202E+15  5.431010E+15  5.167817E+15  4.904625E+15  4.641432E+15  4.378240E+15  4.115047E+15  3.851855E+15
 3.588662E+15  3.325470E+15  3.062278E+15  2.799085E+15  2.535893E+15  2.272700E+15  2.009508E+15  1.746315E+15  1.641038E+15
 1.535761E+15  1.430484E+15  1.325207E+15  1.309736E+15
 8.617E-22  1.005E-21  1.172E-21  1.368E-21  1.595E-21  1.861E-21  2.170E-21  2.532E-21  2.953E-21  3.445E-21  4.018E-21  4.687E-21
 5.467E-21  6.377E-21  7.439E-21  8.677E-21  1.012E-20  1.181E-20  1.377E-20  1.606E-20  1.874E-20  2.186E-20  2.550E-20  2.974E-20
 3.469E-20  4.047E-20  4.720E-20  5.506E-20  6.422E-20  7.492E-20  8.739E-20  1.019E-19  1.189E-19  1.259E-19  1.334E-19  1.416E-19
 1.507E-19  1.606E-19  1.717E-19  1.840E-19  1.978E-19  2.134E-19  2.312E-19  2.516E-19  2.753E-19  3.032E-19  3.366E-19  3.774E-19
 4.282E-19  4.935E-19  5.806E-19  7.024E-19  8.843E-19  9.843E-19  1.108E-18  1.264E-18  1.464E-18  1.847E-17
LABEL21105    51
 1.097852E+17  9.918228E+16  8.960329E+16  8.094942E+16  7.313142E+16  6.606846E+16  5.968762E+16  5.392301E+16  4.871522E+16
 4.401032E+16  3.975987E+16  3.591989E+16  3.245075E+16  2.931670E+16  2.648530E+16  2.392738E+16  2.161648E+16  1.952880E+16
 1.764272E+16  1.593880E+16  1.439944E+16  1.300876E+16  1.175238E+16  1.061735E+16  9.591929E+15  8.665550E+15  7.828637E+15
 6.512675E+15  6.249482E+15  5.986290E+15  5.723098E+15  5.459905E+15  5.196712E+15  4.933520E+15  4.670328E+15  4.407135E+15
 4.143943E+15  3.880750E+15  3.617558E+15  3.354365E+15  3.091174E+15  2.827981E+15  2.564789E+15  2.301597E+15  2.038404E+15
 1.775212E+15  1.512019E+15  1.248827E+15  1.143550E+15  1.038273E+15  9.366188E+14
 1.102E-21  1.288E-21  1.505E-21  1.758E-21  2.054E-21  2.400E-21  2.804E-21  3.276E-21  3.827E-21  4.471E-21  5.224E-21  6.103E-21
 7.130E-21  8.330E-21  9.732E-21  1.137E-20  1.328E-20  1.552E-20  1.813E-20  2.118E-20  2.475E-20  2.892E-20  3.378E-20  3.947E-20
 4.611E-20  5.387E-20  6.294E-20  8.373E-20  8.912E-20  9.507E-20  1.017E-19  1.090E-19  1.172E-19  1.264E-19  1.369E-19  1.490E-19
 1.628E-19  1.791E-19  1.983E-19  2.213E-19  2.495E-19  2.848E-19  3.300E-19  3.900E-19  4.730E-19  5.944E-19  7.856E-19  1.120E-18
 1.331E-18  1.619E-18  1.636E-17
LABEL21106    49
 7.934503E+16  7.165360E+16  6.470778E+16  5.843518E+16  5.277072E+16  4.765534E+16  4.303575E+16  3.886406E+16  3.509672E+16
 3.169457E+16  2.862218E+16  2.584765E+16  2.334208E+16  2.107937E+16  1.903601E+16  1.719074E+16  1.552433E+16  1.401945E+16
 1.266046E+16  1.143320E+16  1.032490E+16  9.324044E+15  8.420202E+15  7.603977E+15  6.866873E+15  6.201226E+15  5.938033E+15
 5.674842E+15  5.411649E+15  5.148456E+15  4.885264E+15  4.622071E+15  4.358879E+15  4.095686E+15  3.832494E+15  3.569301E+15
 3.306109E+15  3.042918E+15  2.779726E+15  2.516533E+15  2.253341E+15  1.990148E+15  1.726955E+15  1.463763E+15  1.200571E+15
 9.373781E+14  8.321011E+14  7.268241E+14  7.030322E+14
 1.239E-21  1.448E-21  1.691E-21  1.975E-21  2.307E-21  2.695E-21  3.149E-21  3.678E-21  4.296E-21  5.019E-21  5.863E-21  6.849E-21
 8.000E-21  9.345E-21  1.092E-20  1.275E-20  1.490E-20  1.740E-20  2.033E-20  2.374E-20  2.774E-20  3.240E-20  3.785E-20  4.421E-20
 5.165E-20  6.033E-20  6.449E-20  6.912E-20  7.430E-20  8.011E-20  8.670E-20  9.421E-20  1.029E-19  1.129E-19  1.247E-19  1.388E-19
 1.558E-19  1.767E-19  2.031E-19  2.373E-19  2.830E-19  3.469E-19  4.411E-19  5.908E-19  8.551E-19  1.401E-18  1.801E-18  2.420E-18
 1.694E-17
LABEL21107    47
 7.212928E+16  6.529562E+16  5.910938E+16  5.350920E+16  4.843969E+16  4.385040E+16  3.969594E+16  3.593508E+16  3.253049E+16
 2.944849E+16  2.665847E+16  2.413280E+16  2.184641E+16  1.977665E+16  1.790296E+16  1.620680E+16  1.467134E+16  1.328134E+16
 1.202304E+16  1.088396E+16  9.852785E+15  8.919313E+15  8.074275E+15  7.309306E+15  5.993344E+15  5.730151E+15  5.466959E+15
 5.203766E+15  4.940573E+15  4.677381E+15  4.414189E+15  4.150996E+15  3.887804E+15  3.624611E+15  3.361419E+15  3.098226E+15
 2.835033E+15  2.571841E+15  2.308648E+15  2.045456E+15  1.782263E+15  1.519071E+15  1.255878E+15  9.926857E+14  7.294932E+14
 6.242163E+14  5.471202E+14
 8.916E-22  1.043E-21  1.219E-21  1.425E-21  1.666E-21  1.948E-21  2.278E-21  2.663E-21  3.114E-21  3.641E-21  4.257E-21  4.978E-21
 5.820E-21  6.805E-21  7.956E-21  9.302E-21  1.088E-20  1.272E-20  1.487E-20  1.738E-20  2.033E-20  2.377E-20  2.779E-20  3.249E-20
 4.451E-20  4.774E-20  5.134E-20  5.540E-20  6.000E-20  6.524E-20  7.128E-20  7.830E-20  8.655E-20  9.637E-20  1.082E-19  1.228E-19
 1.412E-19  1.648E-19  1.963E-19  2.399E-19  3.033E-19  4.023E-19  5.719E-19  9.054E-19  1.724E-18  2.431E-18  1.535E-17
LABEL21108    46
 5.834954E+16  5.279592E+16  4.777089E+16  4.322413E+16  3.911014E+16  3.538768E+16  3.201954E+16  2.897197E+16  2.621444E+16
 2.371938E+16  2.146181E+16  1.941911E+16  1.757083E+16  1.589846E+16  1.438528E+16  1.301611E+16  1.177725E+16  1.065632E+16
 9.642063E+15  8.724347E+15  7.893972E+15  7.142640E+15  6.462813E+15  5.847693E+15  5.584500E+15  5.321308E+15  5.058115E+15
 4.794923E+15  4.531731E+15  4.268538E+15  4.005346E+15  3.742153E+15  3.478960E+15  3.215767E+15  2.952574E+15  2.689382E+15
 2.426190E+15  2.162997E+15  1.899805E+15  1.636612E+15  1.373420E+15  1.110227E+15  8.470347E+14  5.838422E+14  4.785652E+14
 4.378823E+14
 9.254E-22  1.082E-21  1.265E-21  1.478E-21  1.728E-21  2.020E-21  2.362E-21  2.761E-21  3.227E-21  3.773E-21  4.411E-21  5.156E-21
 6.027E-21  7.046E-21  8.237E-21  9.629E-21  1.126E-20  1.316E-20  1.538E-20  1.798E-20  2.102E-20  2.457E-20  2.873E-20  3.358E-20
 3.610E-20  3.893E-20  4.213E-20  4.578E-20  4.996E-20  5.481E-20  6.049E-20  6.723E-20  7.533E-20  8.523E-20  9.756E-20  1.133E-19
 1.340E-19  1.621E-19  2.021E-19  2.625E-19  3.612E-19  5.419E-19  9.350E-19  2.086E-18  3.275E-18  1.589E-17
LABEL22001    54
 5.085968E+16  4.831247E+16  4.589274E+16  4.359428E+16  4.141090E+16  3.933691E+16  3.736675E+16  3.549529E+16  3.371755E+16
 3.202886E+16  3.042473E+16  2.890093E+16  2.745347E+16  2.607849E+16  2.477238E+16  2.353169E+16  2.235313E+16  2.123360E+16
 2.017014E+16  1.915994E+16  1.820033E+16  1.728879E+16  1.642290E+16  1.560038E+16  1.481905E+16  1.407686E+16  1.337184E+16
 1.270212E+16  1.138616E+16  1.112297E+16  1.085978E+16  1.059658E+16  1.033339E+16  1.007020E+16  9.807006E+15  9.543814E+15
 9.280621E+15  9.017429E+15  8.754236E+15  8.491044E+15  8.227851E+15  7.964659E+15  7.701466E+15  7.438273E+15  7.175081E+15
 6.911889E+15  6.648696E+15  6.385503E+15  6.122311E+15  6.017034E+15  5.911757E+15  5.806480E+15  5.701203E+15  5.595926E+15
 1.162E-21  1.385E-21  1.652E-21  1.970E-21  2.349E-21  2.801E-21  3.340E-21  3.982E-21  4.748E-21  5.661E-21  6.751E-21  8.049E-21
 9.598E-21  1.144E-20  1.365E-20  1.627E-20  1.940E-20  2.313E-20  2.758E-20  3.289E-20  3.922E-20  4.676E-20  5.576E-20  6.649E-20
 7.928E-20  9.453E-20  1.127E-19  1.344E-19  1.956E-19  2.119E-19  2.299E-19  2.500E-19  2.724E-19  2.974E-19  3.254E-19  3.567E-19
 3.920E-19  4.318E-19  4.768E-19  5.279E-19  5.860E-19  6.524E-19  7.285E-19  8.160E-19  9.171E-19  1.034E-18  1.171E-18  1.332E-18
 1.521E-18  1.606E-18  1.697E-18  1.795E-18  1.900E-18  2.013E-18
LABEL22002    51
 3.672308E+16  3.466554E+16  3.272325E+16  3.088983E+16  2.915909E+16  2.752536E+16  2.598312E+16  2.452733E+16  2.315310E+16
 2.185587E+16  2.063130E+16  1.947536E+16  1.838418E+16  1.735413E+16  1.638179E+16  1.546394E+16  1.459752E+16  1.377964E+16
 1.300758E+16  1.227878E+16  1.159082E+16  1.094140E+16  1.032836E+16  9.749672E+15  9.203417E+15  8.687761E+15  8.424567E+15
 8.161375E+15  7.898183E+15  7.634990E+15  7.371798E+15  7.108605E+15  6.845413E+15  6.582220E+15  6.319028E+15  6.055835E+15
 5.792643E+15  5.529450E+15  5.266258E+15  5.003066E+15  4.739873E+15  4.476680E+15  4.213488E+15  3.950295E+15  3.687103E+15
 3.423911E+15  3.318633E+15  3.213355E+15  3.108079E+15  3.002801E+15  2.897525E+15
 2.702E-21  3.213E-21  3.821E-21  4.544E-21  5.403E-21  6.425E-21  7.640E-21  9.086E-21  1.080E-20  1.285E-20  1.528E-20  1.817E-20
 2.160E-20  2.569E-20  3.055E-20  3.633E-20  4.320E-20  5.137E-20  6.109E-20  7.264E-20  8.638E-20  1.027E-19  1.221E-19  1.453E-19
 1.727E-19  2.054E-19  2.254E-19  2.480E-19  2.736E-19  3.028E-19  3.360E-19  3.741E-19  4.180E-19  4.686E-19  5.274E-19  5.959E-19
 6.763E-19  7.711E-19  8.836E-19  1.018E-18  1.180E-18  1.377E-18  1.618E-18  1.917E-18  2.292E-18  2.768E-18  2.994E-18  3.245E-18
 3.524E-18  3.836E-18  4.185E-18
LABEL22003    46
 2.726103E+16  2.567914E+16  2.418904E+16  2.278544E+16  2.146326E+16  2.021780E+16  1.904462E+16  1.793952E+16  1.689853E+16
 1.591795E+16  1.499428E+16  1.412420E+16  1.330461E+16  1.253258E+16  1.180534E+16  1.112031E+16  1.047503E+16  9.867198E+15
 9.294626E+15  8.755289E+15  7.439326E+15  7.176134E+15  6.912942E+15  6.649749E+15  6.386556E+15  6.123364E+15  5.860171E+15
 5.596979E+15  5.333787E+15  5.070594E+15  4.807401E+15  4.544209E+15  4.281016E+15  4.017824E+15  3.754632E+15  3.491439E+15
 3.228246E+15  2.965054E+15  2.701862E+15  2.438669E+15  2.175477E+15  2.070200E+15  1.964923E+15  1.859646E+15  1.754369E+15
 1.649092E+15
 3.856E-21  4.581E-21  5.443E-21  6.467E-21  7.683E-21  9.128E-21  1.084E-20  1.288E-20  1.531E-20  1.819E-20  2.161E-20  2.567E-20
 3.050E-20  3.623E-20  4.305E-20  5.115E-20  6.076E-20  7.219E-20  8.577E-20  1.019E-19  1.635E-19  1.813E-19  2.017E-19  2.252E-19
 2.524E-19  2.839E-19  3.208E-19  3.641E-19  4.152E-19  4.761E-19  5.492E-19  6.375E-19  7.452E-19  8.781E-19  1.044E-18  1.253E-18
 1.522E-18  1.873E-18  2.340E-18  2.978E-18  3.873E-18  4.334E-18  4.873E-18  5.507E-18  6.259E-18  7.160E-18
LABEL22004    44
 2.435501E+16  2.290742E+16  2.154587E+16  2.026524E+16  1.906072E+16  1.792780E+16  1.686223E+16  1.585998E+16  1.491730E+16
 1.403065E+16  1.319670E+16  1.241234E+16  1.167457E+16  1.098067E+16  1.032801E+16  9.714135E+15  9.136754E+15  8.593688E+15
 8.082905E+15  6.766942E+15  6.503749E+15  6.240557E+15  5.977365E+15  5.714172E+15  5.450980E+15  5.187787E+15  4.924594E+15
 4.661402E+15  4.398209E+15  4.135017E+15  3.871825E+15  3.608632E+15  3.345440E+15  3.082246E+15  2.819054E+15  2.555861E+15
 2.292669E+15  2.029476E+15  1.766284E+15  1.503091E+15  1.397814E+15  1.292537E+15  1.187260E+15  1.127319E+15
 3.376E-21  4.008E-21  4.759E-21  5.651E-21  6.709E-21  7.966E-21  9.458E-21  1.123E-20  1.333E-20  1.583E-20  1.880E-20  2.232E-20
 2.650E-20  3.146E-20  3.735E-20  4.435E-20  5.266E-20  6.252E-20  7.423E-20  1.227E-19  1.370E-19  1.536E-19  1.729E-19  1.956E-19
 2.222E-19  2.538E-19  2.915E-19  3.369E-19  3.920E-19  4.596E-19  5.435E-19  6.489E-19  7.831E-19  9.572E-19  1.187E-18  1.498E-18
 1.931E-18  2.552E-18  3.485E-18  4.964E-18  5.804E-18  6.857E-18  8.199E-18  9.346E-17
LABEL22005    43
 2.111049E+16  1.981937E+16  1.860720E+16  1.746918E+16  1.640075E+16  1.539767E+16  1.445594E+16  1.357181E+16  1.274175E+16
 1.196246E+16  1.123083E+16  1.054394E+16  9.899067E+15  9.293636E+15  8.725229E+15  8.191590E+15  7.690586E+15  7.220228E+15
 6.778630E+15  6.364050E+15  6.100858E+15  5.837665E+15  5.574473E+15  5.311280E+15  5.048088E+15  4.784895E+15  4.521702E+15
 4.258510E+15  3.995318E+15  3.732126E+15  3.468933E+15  3.205739E+15  2.942547E+15  2.679354E+15  2.416162E+15  2.152969E+15
 1.889777E+15  1.626584E+15  1.363392E+15  1.100199E+15  9.949222E+14  8.896452E+14  8.251503E+14
 3.540E-21  4.200E-21  4.982E-21  5.911E-21  7.013E-21  8.320E-21  9.871E-21  1.171E-20  1.389E-20  1.648E-20  1.956E-20  2.320E-20
 2.752E-20  3.266E-20  3.874E-20  4.596E-20  5.453E-20  6.469E-20  7.675E-20  9.106E-20  1.022E-19  1.152E-19  1.305E-19  1.486E-19
 1.700E-19  1.958E-19  2.269E-19  2.648E-19  3.117E-19  3.702E-19  4.442E-19  5.395E-19  6.642E-19  8.313E-19  1.061E-18  1.386E-18
 1.866E-18  2.609E-18  3.839E-18  6.071E-18  7.498E-18  9.454E-18  8.159E-17
LABEL22006    40
 1.804425E+16  1.692966E+16  1.588392E+16  1.490278E+16  1.398224E+16  1.311856E+16  1.230823E+16  1.154795E+16  1.083464E+16
 1.016538E+16  9.537470E+15  8.948347E+15  8.395607E+15  7.877012E+15  7.390455E+15  6.933944E+15  6.505635E+15  6.103789E+15
 5.840597E+15  5.577404E+15  5.314212E+15  5.051019E+15  4.787827E+15  4.524634E+15  4.261442E+15  3.998249E+15  3.735057E+15
 3.471864E+15  3.208670E+15  2.945478E+15  2.682285E+15  2.419093E+15  2.155900E+15  1.892708E+15  1.629515E+15  1.366323E+15
 1.103130E+15  8.399380E+14  7.346610E+14  6.299542E+14
 3.742E-21  4.439E-21  5.265E-21  6.244E-21  7.406E-21  8.784E-21  1.042E-20  1.236E-20  1.466E-20  1.738E-20  2.062E-20  2.445E-20
 2.900E-20  3.440E-20  4.080E-20  4.839E-20  5.740E-20  6.808E-20  7.671E-20  8.683E-20  9.878E-20  1.130E-19  1.300E-19  1.506E-19
 1.757E-19  2.067E-19  2.453E-19  2.943E-19  3.573E-19  4.399E-19  5.505E-19  7.026E-19  9.184E-19  1.237E-18  1.732E-18  2.555E-18
 4.056E-18  7.209E-18  9.513E-18  6.990E-17
LABEL22007    34
 1.201018E+16  1.126315E+16  1.056258E+16  9.905584E+15  9.289465E+15  8.711655E+15  8.169791E+15  7.661632E+15  7.185075E+15
 6.738165E+15  6.319047E+15  5.926009E+15  5.662817E+15  5.399624E+15  5.136431E+15  4.873239E+15  4.610047E+15  4.346854E+15
 4.083661E+15  3.820469E+15  3.557277E+15  3.294084E+15  3.030893E+15  2.767700E+15  2.504508E+15  2.241315E+15  1.978123E+15
 1.714930E+15  1.451738E+15  1.188545E+15  9.253529E+14  6.621603E+14  5.568834E+14  4.966196E+14
 7.918E-21  9.389E-21  1.113E-20  1.320E-20  1.566E-20  1.857E-20  2.202E-20  2.611E-20  3.096E-20  3.672E-20  4.354E-20  5.163E-20
 5.833E-20  6.622E-20  7.558E-20  8.677E-20  1.003E-19  1.166E-19  1.368E-19  1.619E-19  1.935E-19  2.339E-19  2.866E-19  3.566E-19
 4.522E-19  5.864E-19  7.822E-19  1.082E-18  1.568E-18  2.430E-18  4.157E-18  8.383E-18  1.197E-17  6.696E-17
LABEL22008    32
 1.036647E+16  9.718556E+15  9.111142E+15  8.541692E+15  8.007825E+15  7.507329E+15  7.038116E+15  6.598232E+15  6.185839E+15
 5.799223E+15  5.536030E+15  5.272837E+15  5.009645E+15  4.746453E+15  4.483260E+15  4.220068E+15  3.956875E+15  3.693683E+15
 3.430490E+15  3.167298E+15  2.904105E+15  2.640913E+15  2.377720E+15  2.114528E+15  1.851335E+15  1.588143E+15  1.324950E+15
 1.061758E+15  7.985655E+14  5.353730E+14  4.300960E+14  4.015297E+14
 8.591E-21  1.019E-20  1.208E-20  1.432E-20  1.698E-20  2.013E-20  2.387E-20  2.830E-20  3.356E-20  3.979E-20  4.505E-20  5.126E-20
 5.865E-20  6.751E-20  7.824E-20  9.136E-20  1.076E-19  1.279E-19  1.536E-19  1.869E-19  2.306E-19  2.895E-19  3.709E-19  4.874E-19
 6.611E-19  9.346E-19  1.397E-18  2.264E-18  4.161E-18  9.597E-18  1.505E-17  6.462E-17
LABEL23101    46
 2.375709E+16  2.268438E+16  2.166011E+16  2.068209E+16  1.974823E+16  1.885654E+16  1.800510E+16  1.719212E+16  1.641584E+16
 1.567462E+16  1.496686E+16  1.429107E+16  1.364578E+16  1.302963E+16  1.244130E+16  1.187954E+16  1.134314E+16  1.083096E+16
 1.034191E+16  9.874946E+15  8.558983E+15  8.295791E+15  8.032599E+15  7.769406E+15  7.506213E+15  7.243021E+15  6.979828E+15
 6.716636E+15  6.453443E+15  6.190251E+15  5.927059E+15  5.663866E+15  5.400674E+15  5.137481E+15  4.874289E+15  4.611096E+15
 4.347904E+15  4.084711E+15  3.821519E+15  3.558326E+15  3.295134E+15  3.189857E+15  3.084580E+15  2.979303E+15  2.874026E+15
 2.768750E+15
 2.466E-23  2.947E-23  3.522E-23  4.209E-23  5.030E-23  6.011E-23  7.184E-23  8.586E-23  1.026E-22  1.226E-22  1.465E-22  1.751E-22
 2.093E-22  2.501E-22  2.989E-22  3.573E-22  4.270E-22  5.103E-22  6.098E-22  7.288E-22  1.273E-21  1.434E-21  1.621E-21  1.838E-21
 2.089E-21  2.383E-21  2.727E-21  3.132E-21  3.611E-21  4.181E-21  4.862E-21  5.682E-21  6.676E-21  7.892E-21  9.392E-21  1.126E-20
 1.361E-20  1.661E-20  2.049E-20  2.558E-20  3.238E-20  3.574E-20  3.956E-20  4.391E-20  4.889E-20  5.461E-20
LABEL23102    44
 1.746626E+16  1.664907E+16  1.587012E+16  1.512762E+16  1.441986E+16  1.374520E+16  1.310211E+16  1.248911E+16  1.190480E+16
 1.134781E+16  1.081689E+16  1.031081E+16  9.828400E+15  9.368567E+15  8.930243E+15  8.512431E+15  8.114165E+15  7.734533E+15
 7.372662E+15  7.109471E+15  6.846278E+15  6.583085E+15  6.319893E+15  6.056701E+15  5.793508E+15  5.530315E+15  5.267123E+15
 5.003931E+15  4.740738E+15  4.477546E+15  4.214353E+15  3.951161E+15  3.687968E+15  3.424776E+15  3.161583E+15  2.898390E+15
 2.635198E+15  2.372005E+15  2.108813E+15  2.003536E+15  1.898259E+15  1.792982E+15  1.687705E+15  1.582428E+15
 6.669E-23  7.964E-23  9.510E-23  1.136E-22  1.356E-22  1.620E-22  1.934E-22  2.310E-22  2.758E-22  3.294E-22  3.934E-22  4.697E-22
 5.610E-22  6.699E-22  8.000E-22  9.553E-22  1.141E-21  1.362E-21  1.627E-21  1.866E-21  2.148E-21  2.481E-21  2.879E-21  3.354E-21
 3.927E-21  4.623E-21  5.473E-21  6.523E-21  7.830E-21  9.477E-21  1.158E-20  1.429E-20  1.785E-20  2.260E-20  2.907E-20  3.809E-20
 5.099E-20  7.004E-20  9.927E-20  1.153E-19  1.349E-19  1.589E-19  1.888E-19  2.265E-19
LABEL23103    37
 1.364247E+16  1.300280E+16  1.239312E+16  1.181203E+16  1.125819E+16  1.073032E+16  1.022720E+16  9.747667E+15  9.290619E+15
 8.854999E+15  8.439810E+15  8.044087E+15  6.728124E+15  6.464932E+15  6.201740E+15  5.938547E+15  5.675354E+15  5.412162E+15
 5.148969E+15  4.885777E+15  4.622585E+15  4.359392E+15  4.096199E+15  3.833007E+15  3.569814E+15  3.306622E+15  3.043429E+15
 2.780236E+15  2.517044E+15  2.253851E+15  1.990659E+15  1.727466E+15  1.464274E+15  1.358997E+15  1.253720E+15  1.148443E+15
 1.098206E+15
 1.150E-22  1.373E-22  1.640E-22  1.958E-22  2.338E-22  2.792E-22  3.334E-22  3.981E-22  4.754E-22  5.677E-22  6.779E-22  8.095E-22
 1.583E-21  1.831E-21  2.128E-21  2.484E-21  2.916E-21  3.443E-21  4.092E-21  4.897E-21  5.907E-21  7.188E-21  8.837E-21  1.099E-20
 1.384E-20  1.769E-20  2.301E-20  3.054E-20  4.153E-20  5.813E-20  8.432E-20  1.279E-19  2.058E-19  2.542E-19  3.185E-19  4.059E-19
 4.486E-18
LABEL23104    33
 1.132421E+16  1.078334E+16  1.026830E+16  9.777863E+15  9.310852E+15  8.866152E+15  8.442682E+15  8.039442E+15  7.655467E+15
 6.339504E+15  6.076312E+15  5.813119E+15  5.549927E+15  5.286734E+15  5.023541E+15  4.760350E+15  4.497157E+15  4.233964E+15
 3.970772E+15  3.707579E+15  3.444387E+15  3.181194E+15  2.918001E+15  2.654809E+15  2.391616E+15  2.128424E+15  1.865231E+15
 1.602039E+15  1.338846E+15  1.075654E+15  9.703769E+14  8.650999E+14  8.067409E+14
 1.665E-22  1.988E-22  2.373E-22  2.833E-22  3.381E-22  4.036E-22  4.817E-22  5.750E-22  6.864E-22  1.372E-21  1.596E-21  1.868E-21
 2.197E-21  2.602E-21  3.102E-21  3.726E-21  4.515E-21  5.523E-21  6.829E-21  8.549E-21  1.085E-20  1.400E-20  1.842E-20  2.476E-20
 3.420E-20  4.879E-20  7.250E-20  1.135E-19  1.905E-19  3.524E-19  4.681E-19  6.394E-19  5.401E-18
LABEL23105    29
 9.482503E+15  9.024495E+15  8.588616E+15  8.173779E+15  7.778986E+15  7.403263E+15  6.087300E+15  5.824107E+15  5.560915E+15
 5.297722E+15  5.034530E+15  4.771338E+15  4.508145E+15  4.244952E+15  3.981760E+15  3.718568E+15  3.455375E+15  3.192182E+15
 2.928989E+15  2.665797E+15  2.402604E+15  2.139412E+15  1.876220E+15  1.613027E+15  1.349835E+15  1.086642E+15  8.234497E+14
 7.181727E+14  6.175877E+14
 2.306E-22  2.752E-22  3.285E-22  3.920E-22  4.678E-22  5.582E-22  1.134E-21  1.325E-21  1.558E-21  1.844E-21  2.197E-21  2.638E-21
 3.195E-21  3.907E-21  4.831E-21  6.046E-21  7.676E-21  9.904E-21  1.302E-20  1.751E-20  2.419E-20  3.453E-20  5.133E-20  8.040E-20
 1.350E-19  2.503E-19  5.386E-19  7.791E-19  5.704E-18
LABEL23106    25
 6.548920E+15  6.223587E+15  5.914409E+15  5.651216E+15  5.388024E+15  5.124831E+15  4.861639E+15  4.598446E+15  4.335254E+15
 4.072061E+15  3.808869E+15  3.545676E+15  3.282484E+15  3.019291E+15  2.756099E+15  2.492907E+15  2.229714E+15  1.966522E+15
 1.703329E+15  1.440137E+15  1.176944E+15  9.137517E+14  6.505592E+14  5.452822E+14  4.879194E+14
 6.473E-22  7.719E-22  9.206E-22  1.080E-21  1.274E-21  1.514E-21  1.813E-21  2.189E-21  2.668E-21  3.286E-21  4.096E-21  5.175E-21
 6.640E-21  8.677E-21  1.158E-20  1.585E-20  2.238E-20  3.282E-20  5.050E-20  8.282E-20  1.483E-19  3.024E-19  7.638E-19  1.220E-18
 6.816E-18
LABEL23107    24
 6.094771E+15  5.790754E+15  5.527562E+15  5.264369E+15  5.001177E+15  4.737985E+15  4.474792E+15  4.211600E+15  3.948407E+15
 3.685214E+15  3.422022E+15  3.158830E+15  2.895638E+15  2.632445E+15  2.369253E+15  2.106060E+15  1.842868E+15  1.579675E+15
 1.316483E+15  1.053290E+15  7.900979E+14  5.269054E+14  4.216284E+14  3.951783E+14
 6.248E-22  7.451E-22  8.763E-22  1.037E-21  1.237E-21  1.486E-21  1.802E-21  2.207E-21  2.733E-21  3.427E-21  4.361E-21  5.644E-21
 7.448E-21  1.006E-20  1.397E-20  2.007E-20  3.009E-20  4.766E-20  8.131E-20  1.542E-19  3.442E-19  1.027E-18  1.841E-18  7.874E-18
