     1    25
     1     2  0.20E+00  0.10E+01     0
     1     3  0.38E-01  0.22E+00     0
     1     4  0.14E-01  0.80E-01     0
     1     5  0.68E-02  0.39E-01     0
     1     6  0.38E-02  0.22E-01     0
     2     3  0.19E+02  0.90E+02     0
     2     4  0.39E+01  0.18E+02     0
     2     5  0.14E+01  0.62E+01     0
     2     6  0.68E+00  0.30E+01     0
     3     4  0.23E+03  0.14E+04     0
     3     5  0.44E+02  0.24E+03     0
     3     6  0.16E+02  0.82E+02     0
     4     5  0.13E+04  0.96E+04     0
     4     6  0.23E+03  0.16E+04     0
     5     6  0.47E+04  0.42E+05     0
     6     7  0.14E+05  0.14E+06     0
     6     8  0.23E+04  0.21E+05     0
     6     9  0.75E+03  0.64E+04     0
     6    10  0.33E+03  0.27E+04     0
     7     8  0.33E+05  0.39E+06     0
     7     9  0.55E+04  0.56E+05     0
     7    10  0.17E+04  0.17E+05     0
     8     9  0.72E+05  0.92E+06     0
     8    10  0.12E+05  0.13E+06     0
     9    10  0.14E+06  0.20E+07     0
     3    25
     1     2  0.14E-01  0.55E+00     0
     1     3  0.19E-02  0.88E-01     0
     1     4  0.63E-03  0.30E-01     0
     1     5  0.30E-03  0.14E-01     0
     1     6  0.16E-03  0.79E-02     0
     2     3  0.18E+01  0.25E+02     0
     2     4  0.31E+00  0.48E+01     0
     2     5  0.11E+00  0.18E+01     0
     2     6  0.50E-01  0.86E+00     0
     3     4  0.27E+02  0.27E+03     0
     3     5  0.56E+01  0.59E+02     0
     3     6  0.19E+01  0.21E+02     0
     4     5  0.17E+03  0.16E+04     0
     4     6  0.33E+02  0.32E+03     0
     5     6  0.70E+03  0.68E+04     0
     6     7  0.21E+04  0.22E+05     0
     6     8  0.39E+03  0.37E+04     0
     6     9  0.15E+03  0.15E+04     0
     6    10  0.82E+02  0.78E+03     0
     7     8  0.55E+04  0.61E+05     0
     7     9  0.96E+03  0.98E+04     0
     7    10  0.37E+03  0.37E+04     0
     8     9  0.12E+05  0.14E+06     0
     8    10  0.21E+04  0.23E+05     0
     9    10  0.25E+05  0.31E+06     0
     5    21
     1     2  -.42E-01  0.23E+01     9
     1     3  -.58E-02  0.28E+00     9
     1     4  -.85E-02  0.41E+00     9
     1     5  -.50E-02  0.25E+00     9
     1     6  0.78E-01  0.14E+01     9
     1     7  -.12E-01  0.61E+00     9
     2     3  -.39E-02  0.19E+00     9
     2     4  -.11E-01  0.53E+00     9
     2     5  -.25E-01  0.12E+01     9
     2     6  0.86E-04  0.10E+01     9
     2     7  0.16E+00  0.29E+01     9
     3     4  0.29E-01  0.89E+00     9
     3     5  0.25E-01  0.72E+00     9
     3     6  -.19E-03  0.57E+00     9
     3     7  0.86E-03  0.34E+00     9
     4     5  0.64E-01  0.20E+01     9
     4     6  0.33E-03  0.89E+00     9
     4     7  0.42E-03  0.93E+00     9
     5     6  0.12E-02  0.73E+00     9
     5     7  -.33E-02  0.20E+01     9
     6     7  0.54E-01  0.11E+01     9
     6    15
     1     2  -.21E-01  0.10E+01     3
     1     3  0.86E-01  0.41E+01     3
     1     4  -.36E-03  0.16E-01     3
     1     5  -.28E-02  0.40E+00     3
     1     6  0.42E-03  0.38E-01     3
     2     3  -.14E+00  0.35E+01     3
     2     4  0.88E-01  0.37E+01     3
     2     5  -.25E-01  0.14E+01     3
     2     6  -.24E-02  0.13E+00     3
     3     4  -.62E-01  0.14E+01     3
     3     5  0.25E+00  0.12E+02     3
     3     6  0.68E-01  0.36E+01     3
     4     5  -.68E-01  0.38E+01     3
     4     6  -.63E-02  0.36E+00     3
     5     6  0.29E-02  0.66E+00     3
     7     1
     1     2  0.30E-02  0.88E+01     2
    10     4
     1     2  0.24E-01  0.36E+01     9
     1     3  0.33E-01  0.35E+00     9
     1     4  -.42E-01  0.14E+01     9
     2     3  0.14E-01  0.40E+00     9
    11    41
     1     2  0.36E-01  0.18E+01     3
     1     3  0.36E-01  0.61E+00     4
     1     4  0.86E-01  0.10E+01     4
     1     5  0.20E+00  0.12E+01     4
     1     6  0.00E+00  0.10E-01     5
     1     7  0.18E-02  0.49E-01     4
     1     8  -.14E+00  0.28E+00     4
     1     9  0.79E-03  0.15E+00     4
     1    10  0.11E+00  0.27E+00     4
     1    11  0.15E-01  0.16E+00     4
     2     3  0.00E+00  0.28E+01     5
     2     4  0.00E+00  0.41E+00     5
     2     5  0.00E+00  0.52E+00     5
     2     6  0.00E+00  0.12E+02     5
     2     7  0.00E+00  0.95E+00     5
     2     8  0.00E+00  0.39E+00     5
     3     4  0.13E-02  0.46E+00     4
     3     5  -.38E-02  0.40E+00     4
     3     7  0.76E-01  0.88E+00     4
     3     8  -.20E-01  0.45E-01     4
     3     9  0.27E+00  0.62E+00     4
     3    10  0.34E-01  0.11E+00     4
     3    11  0.20E-02  0.21E-01     4
     4     5  -.90E-05  0.69E-01     4
     4     7  -.39E-03  0.43E-02     4
     4     9  0.90E-02  0.25E+00     4
     4    11  0.64E-03  0.36E-02     4
     5     7  0.33E+00  0.12E+01     4
     5     8  0.54E-01  0.88E-01     4
     5     9  0.35E+00  0.14E+01     4
     5    10  0.26E-03  0.17E-01     4
     5    11  -.59E-03  0.71E-02     4
     7     8  0.22E-02  0.38E-02     4
     7     9  0.41E-01  0.41E+00     4
     7    11  0.93E-03  0.93E-02     4
     8     9  0.16E+00  0.15E+00     4
     8    10  0.16E+01  0.70E+01     4
     8    11  0.91E-02  0.93E+00     4
     9    10  -.16E+00  0.52E+00     4
     9    11  -.16E+00  0.31E+01     4
    10    11  0.30E+01  0.13E+02     4
    12     2
     1     2  -.36E-01  0.93E+00     2
     1     3  0.37E-01  0.31E+01     2
    13     1
     1     2  0.50E-02  0.66E+01     1
    17     6
     1     2  0.34E-01  0.25E+01     9
     1     3  0.61E-02  0.32E+00     9
     1     4  -.25E-01  0.13E+01     9
     2     3  -.46E-02  0.61E+00     9
     4     5  -.30E-02  0.23E+01     1
     4     6  0.10E-02  0.65E+00     1
    18     1
     1     2  0.16E-01  0.15E+01     1
    19    15
     1     2  -.42E-01  0.78E+00     2
     1     3  0.20E-01  0.26E+01     2
     1     4  -.64E-03  .011        11
     1     5  -.88E-03  0.11        11     
     1     6  2.62E-05  0.0175      11
     2     3  -.021       0.91      11
     2     4  0.09        13.0      11
     2     5  -.38E-03    0.05      11
     2     6  -5.0E-05  0.0053      11
     3     4  -.056       0.79      11
     3     5  0.082       7.64      11
     3     6   0.02       2.41      11
     4     5  -1.8E-03    .183      11
     4     6  -2.5E-04    .02       11
     5     6  1.04E-03   0.297      11
    20     1
     1     2  0.40E-02  0.50E+01     1
    24     4
     1     2  -.36E-01  0.27E+01     9
     1     3  -.32E-02  0.34E+00     9
     1     4  -.17E-01  0.11E+01     9
     2     3  0.23E-01  0.35E+00     9
    29     3
     1     2  0.89E-02  0.13E+01     9
     1     3  0.35E-02  0.15E+00     9
     2     3  0.63E-02  0.29E+00     9
    30     2
     1     2  -.21E-01  0.14E+01     1
     1     3  0.30E-03  0.47E+00     1
    31    23
     1     2  -.84E-02  0.22E+01     9
     1     3  -.18E-02  0.25E+00     9
     1     4  -.49E-01  0.13E+01     9
     1     7  -.44E-01  0.37E+00     9
     2     3  0.27E-02  0.67E+00     9
     2     5  0.40E-01  0.12E+01     9
     2     6  0.67E-01  0.40E+00     9
     3     5  -.24E-01  0.15E+00     9
     3     6  0.17E-01  0.16E+00     9
     3     7  0.12E-01  0.13E+00     9
     4     5  -.45E-02  0.14E+01     9
     4     6  -.24E-01  0.54E+00     9
     4     8  -.21E-01  0.19E+00     9
     5     6  -.84E+00  0.57E+01     9
     5     7  -.15E+00  0.15E+01     9
     5     8  0.23E+00  0.22E+01     9
     5     9  0.41E-01  0.41E+00     9
     6     7  -.73E-01  0.50E+00     9
     6     8  0.23E+00  0.92E+00     9
     6     9  0.30E-01  0.54E+00     9
     7     8  0.31E-02  0.52E+00     9
     7     9  0.16E+00  0.69E+00     9
     8     9  0.72E-04  0.19E+00     9
    36     3
     1     2  0.22E-01  0.12E+01     9
     1     3  0.26E-03  0.18E+00     9
     2     3  0.62E-02  0.22E+00     9
    38     4
     1     2  -.69E-02  0.14E+01     9
     1     3  0.11E-02  0.17E+00     9
     1     4  0.90E-02  0.67E+00     9
     2     3  0.20E-01  0.14E+00     9
    40     2
     1     2  0.73E+00  0.69E+01     1
     1     3  0.15E+01  0.14E+02     1
    43     3
     1     2  -.15E-01  0.13E+01     9
     1     3  -.68E-03  0.16E+00     9
     2     3  0.11E-01  0.19E+00     9
    52     8
     1     2  -.35E+00  0.51E+01     9
     1     3  -.99E+00  0.15E+02     9
     1     4  -.29E+00  0.33E+01     9
     1     5  0.11E+00  0.27E+01     9
     1     6  0.79E+00  0.14E+02     9
     1     7  -.42E-02  0.39E+01     9
     1     8  0.49E+00  0.10E+02     9
     2     3  -.78E+00  0.10E+02     9
    53     5
     1     2  -.27E-01  0.57E+00     1
     1     3  -.27E-01  0.17E+01     1
     1     4  -.27E-01  0.29E+01     1
     1     5  0.13E-01  0.62E+01     1
     1     6  0.70E-02  0.14E+01     1
    54     2
     1     2  0.30E-02  0.56E+01     1
     1     3  0.30E-02  0.11E+02     1
    64    60
     1     2  -.19E+00  0.58E+01     9
     1     3  -.11E+00  0.29E+01     9
     1     4  -.16E+00  0.67E+01     9
     1     5  -.28E-01  0.46E+00     9
     1     6  -.13E+00  0.24E+01     9
     1     7  0.17E-01  0.15E+01     9
     1     8  -.29E+00  0.43E+01     9
     1     9  -.31E-01  0.66E+00     9
     1    10  -.94E-01  0.17E+01     9
     2     3  -.25E+00  0.11E+02     9
     2     4  -.16E+00  0.40E+01     9
     2     5  -.30E+00  0.90E+01     9
     2     6  -.13E+00  0.25E+01     9
     2     7  -.10E+00  0.34E+01     9
     2     8  -.37E+00  0.93E+01     9
     2     9  0.60E-01  0.27E+01     9
     2    10  -.20E+00  0.52E+01     9
     3     4  -.74E-01  0.27E+01     9
     3     5  -.10E+00  0.39E+01     9
     3     6  -.94E-01  0.19E+01     9
     3     7  -.84E-01  0.18E+01     9
     3     8  -.20E+00  0.48E+01     9
     3     9  0.75E-01  0.17E+01     9
     3    10  -.80E-01  0.42E+01     9
     4     5  -.31E+00  0.67E+01     9
     4     6  -.13E+00  0.15E+01     9
     4     7  -.52E-01  0.12E+01     9
     4     8  -.46E+00  0.66E+01     9
     4     9  -.31E-01  0.44E+00     9
     4    10  -.16E+00  0.26E+01     9
     5     6  -.20E+00  0.30E+01     9
     5     7  -.31E-01  0.50E+00     9
     5     8  -.85E-01  0.27E+01     9
     5     9  -.41E-01  0.84E+00     9
     5    10  -.14E+00  0.25E+01     9
     6     7  -.74E-01  0.15E+01     9
     6     8  -.46E+00  0.88E+01     9
     6     9  -.47E-01  0.32E+01     9
     6    10  -.28E+00  0.66E+01     9
     7     8  -.85E-01  0.14E+02     9
     7     9  -.22E+00  0.48E+01     9
     7    10  -.22E+00  0.11E+02     9
     7    16  0.14E+02  0.11E+03     9
     7    17  0.68E+01  0.43E+02     9
     7    18  0.34E+00  0.12E+02     9
     7    19  0.11E+01  0.13E+02     9
     8     9  -.22E+00  0.49E+01     9
     8    10  -.12E+01  0.40E+02     9
     8    16  0.85E+01  0.99E+02     9
     9    10  -.23E+00  0.42E+01     9
     9    14  0.21E+01  0.23E+02     9
     9    20  0.10E+01  0.55E+02     9
     9    21  0.25E+01  0.25E+02     9
    10    16  0.15E+01  0.34E+02     9
    10    17  0.55E+01  0.55E+02     9
    16    17  0.17E+01  0.49E+02     9
    16    18  -.67E+00  0.17E+02     9
    16    19  -.11E+00  0.13E+02     9
    16    20  -.42E-01  0.90E+01     9
    16    21  -.85E-01  0.23E+01     9
    66     1
     1     2  -.13E+00  0.59E+01     1
    67    22
     1     2  -.29E-01  0.15E+01     9
     1     3  0.48E-01  0.80E+01     9
     1     4  0.10E-02  0.63E+00     9
     1     5  -.43E-03  0.17E-01     9
     1     6  -.59E-02  0.47E+00     9
     1     7  -.57E-03  0.46E-01     9
     1     8  0.31E-02  0.92E+00     9
     2     3  -.83E-01  0.39E+01     9
     2     4  -.29E-01  0.15E+01     9
     2     5  0.17E+00  0.33E+02     9
     2     6  0.27E+00  0.28E+02     9
     2     7  -.22E-02  0.12E+00     9
     2     8  -.71E-02  0.46E+00     9
     3     4  0.34E-02  0.63E+01     9
     3     5  -.18E-01  0.91E+00     9
     3     6  -.49E-01  0.24E+01     9
     3     7  0.11E-01  0.43E+01     9
     3     8  0.18E+00  0.16E+02     9
     4     5  -.25E-01  0.15E+01     9
     4     6  -.13E-01  0.80E+00     9
     4     7  0.25E-02  0.12E+01     9
     4     8  -.67E-03  0.39E+00     9
    68     1
     1     2  0.60E-01  0.12E+02     1
    80     3
     1     2  0.15E+00  0.35E+01     9
     1     3  0.17E-01  0.62E+00     9
     2     3  0.12E-01  0.17E+01     9
    82     1
     1     2  0.00E+00  0.10E+01    13
    89     3
     1     2  -.55E-01  0.44E+01     9
     1     3  -.18E-01  0.74E+00     9
     2     3  -.38E-02  0.17E+01     9
   119   253
     1     2  -.87E+00  0.13E+02     9
     1     3  -.19E+01  0.28E+02     9
     1     4  -.25E+00  0.43E+01     9
     1     9  -.19E-01  0.11E+01     9
     1    10  0.15E-01  0.32E+01     9
     1    11  -.20E-02  0.24E+01     9
     1    13  0.25E-01  0.25E+01     9
     1    18  0.56E-02  0.17E+01     9
     1    25  0.80E+01  0.10E+03     9
     1    26  0.91E+01  0.12E+03     9
     1    27  0.42E+01  0.44E+02     9
     1    28  -.27E+00  0.76E+01     9
     1    29  -.16E+00  0.48E+01     9
     1    31  -.74E-01  0.26E+01     9
     1    33  0.20E-01  0.48E+00     9
     1    34  0.43E-01  0.91E+00     9
     1    41  -.67E-04  0.27E-01     9
     1    43  -.22E-02  0.10E+00     9
     1    44  -.12E-02  0.38E+00     9
     1    45  0.11E-02  0.17E+00     9
     1    46  0.28E-02  0.38E+00     9
     1    50  -.26E-03  0.21E+00     9
     2     3  -.22E+00  0.93E+01     9
     2     4  -.48E-01  0.56E+01     9
     2     9  -.56E-01  0.23E+01     9
     2    10  -.85E-01  0.72E+01     9
     2    11  -.16E+00  0.73E+01     9
     2    13  -.15E+00  0.59E+01     9
     2    18  -.18E+00  0.48E+01     9
     2    25  -.12E+00  0.35E+01     9
     2    26  -.11E+00  0.35E+01     9
     2    27  -.35E-01  0.11E+01     9
     2    28  0.69E+00  0.15E+02     9
     2    29  0.19E+01  0.27E+02     9
     2    31  -.55E-01  0.17E+01     9
     2    33  -.31E-01  0.41E+00     9
     2    34  -.56E+00  0.67E+01     9
     2    41  -.23E-01  0.35E+00     9
     2    43  -.52E-01  0.82E+00     9
     2    44  0.67E+00  0.13E+02     9
     2    45  -.12E-01  0.11E+01     9
     2    46  -.30E-01  0.19E+01     9
     2    50  0.20E+00  0.46E+01     9
     3     4  -.13E+00  0.48E+01     9
     3     9  -.70E-01  0.12E+01     9
     3    10  -.14E+00  0.23E+01     9
     3    11  -.12E+00  0.21E+01     9
     3    13  -.14E+00  0.22E+01     9
     3    18  -.13E+00  0.19E+01     9
     3    25  -.58E+00  0.99E+01     9
     3    26  -.65E+00  0.12E+02     9
     3    27  -.22E+00  0.46E+01     9
     3    28  0.64E+01  0.89E+02     9
     3    29  0.53E+01  0.62E+02     9
     3    31  0.32E+01  0.34E+02     9
     3    33  -.14E-01  0.30E+00     9
     3    34  -.38E-01  0.61E+00     9
     3    41  -.58E-03  0.14E-01     9
     3    43  0.13E-02  0.59E-01     9
     3    44  -.26E-01  0.50E+00     9
     3    45  0.14E-03  0.57E-01     9
     3    46  -.14E-03  0.14E+00     9
     3    50  0.31E-01  0.53E+00     9
     4     9  -.17E+00  0.82E+01     9
     4    10  -.15E-01  0.69E+00     9
     4    11  -.65E-01  0.24E+01     9
     4    13  -.51E-01  0.91E+00     9
     4    18  -.16E+00  0.29E+01     9
     4    25  -.93E-01  0.15E+01     9
     4    26  -.50E-01  0.16E+01     9
     4    27  -.31E-01  0.93E+00     9
     4    28  -.12E+00  0.29E+01     9
     4    29  0.19E+00  0.81E+01     9
     4    31  0.77E+00  0.18E+02     9
     4    33  -.48E-01  0.13E+01     9
     4    34  -.43E-01  0.13E+01     9
     4    41  0.13E+00  0.95E+00     9
     4    43  0.26E+00  0.16E+01     9
     4    44  -.45E-01  0.60E+00     9
     4    45  -.10E-01  0.11E+00     9
     4    46  -.11E-01  0.15E+00     9
     4    50  0.34E+00  0.18E+01     9
     9    10  -.68E-01  0.19E+01     9
     9    11  -.19E+00  0.35E+01     9
     9    13  -.10E+00  0.18E+01     9
     9    18  -.21E+00  0.29E+01     9
     9    25  -.25E-01  0.47E+00     9
     9    26  -.36E-01  0.56E+00     9
     9    27  -.18E-01  0.24E+00     9
     9    28  -.56E-01  0.78E+00     9
     9    29  -.87E-01  0.14E+01     9
     9    31  0.16E+00  0.75E+00     9
     9    33  -.58E-01  0.13E+01     9
     9    34  -.41E-01  0.84E+00     9
     9    41  0.71E+00  0.12E+02     9
     9    43  0.12E+01  0.33E+02     9
     9    44  -.12E-01  0.21E+00     9
     9    45  -.62E-02  0.82E-01     9
     9    46  -.85E-02  0.14E+00     9
     9    50  0.21E+01  0.49E+02     9
    10    11  -.26E+00  0.13E+02     9
    10    13  -.69E+00  0.18E+02     9
    10    18  -.26E+00  0.59E+01     9
    10    25  -.65E-01  0.13E+01     9
    10    26  -.91E-01  0.14E+01     9
    10    27  -.62E-01  0.86E+00     9
    10    28  -.13E+00  0.16E+01     9
    10    29  -.11E+00  0.13E+01     9
    10    31  -.29E-01  0.39E+00     9
    10    33  -.49E-01  0.65E+00     9
    10    34  -.58E+00  0.84E+01     9
    10    41  -.13E-02  0.31E-01     9
    10    43  -.56E-02  0.93E-01     9
    10    44  0.40E+01  0.62E+02     9
    10    45  0.57E+01  0.11E+03     9
    10    46  0.91E+01  0.15E+03     9
    10    50  -.11E-03  0.71E-01     9
    11    13  -.32E+00  0.81E+01     9
    11    18  -.46E+00  0.97E+01     9
    11    25  -.41E-01  0.82E+00     9
    11    26  -.10E+00  0.15E+01     9
    11    27  -.42E-01  0.71E+00     9
    11    28  -.82E-01  0.18E+01     9
    11    29  -.12E+00  0.27E+01     9
    11    31  -.59E-01  0.75E+00     9
    11    33  -.53E-01  0.98E+00     9
    11    34  -.46E+00  0.67E+01     9
    11    41  -.33E-01  0.43E+00     9
    11    43  -.76E-01  0.88E+00     9
    11    44  0.11E+01  0.28E+02     9
    11    45  -.17E+00  0.19E+01     9
    11    46  -.29E+00  0.30E+01     9
    11    50  0.35E-01  0.56E+00     9
    13    18  -.46E+00  0.91E+01     9
    13    25  -.28E-01  0.75E+00     9
    13    26  -.87E-01  0.14E+01     9
    13    27  -.25E-01  0.42E+00     9
    13    28  -.28E-01  0.29E+01     9
    13    29  -.11E+00  0.14E+01     9
    13    31  -.43E-01  0.53E+00     9
    13    33  -.47E-01  0.74E+00     9
    13    34  -.41E+00  0.66E+01     9
    13    41  0.15E-03  0.13E-01     9
    13    43  0.31E-02  0.75E-01     9
    13    44  0.29E+00  0.60E+01     9
    13    45  0.56E+00  0.11E+02     9
    13    46  -.44E-02  0.90E+00     9
    13    50  -.24E-03  0.99E-01     9
    18    25  -.17E-01  0.45E+00     9
    18    26  -.29E-01  0.66E+00     9
    18    27  -.11E-01  0.31E+00     9
    18    28  0.30E-01  0.25E+01     9
    18    29  0.45E+00  0.31E+01     9
    18    31  0.33E+00  0.21E+01     9
    18    33  -.64E-01  0.27E+01     9
    18    34  -.36E+00  0.49E+01     9
    18    41  -.53E-02  0.81E-01     9
    18    43  0.72E-02  0.68E+00     9
    18    44  -.53E-01  0.63E+00     9
    18    45  -.31E-01  0.46E+00     9
    18    46  -.29E-01  0.41E+00     9
    18    50  -.30E-02  0.16E+00     9
    25    26  -.27E+00  0.41E+02     9
    25    27  -.12E+00  0.14E+02     9
    25    28  -.40E+00  0.89E+01     9
    25    29  -.41E+00  0.11E+02     9
    25    31  -.14E+00  0.28E+01     9
    25    33  -.29E-02  0.12E+00     9
    25    34  -.43E-02  0.22E+00     9
    25    41  0.11E-02  0.16E+00     9
    25    43  0.23E-03  0.38E+00     9
    25    44  0.85E-02  0.15E+01     9
    25    45  0.19E-01  0.81E+00     9
    25    46  0.17E-01  0.40E+00     9
    25    50  -.19E-02  0.44E+00     9
    26    27  0.18E+00  0.33E+02     9
    26    28  -.81E+00  0.19E+02     9
    26    29  -.39E+00  0.89E+01     9
    26    31  -.20E+00  0.64E+01     9
    26    33  -.21E-02  0.76E-01     9
    26    34  -.13E-01  0.26E+00     9
    26    41  -.20E-02  0.39E-01     9
    26    43  0.26E-02  0.16E+00     9
    26    44  -.11E-01  0.65E+00     9
    26    45  0.36E-02  0.84E+00     9
    26    46  0.39E-01  0.25E+01     9
    26    50  -.38E-02  0.53E+00     9
    27    28  -.24E+00  0.73E+01     9
    27    29  -.17E+00  0.32E+01     9
    27    31  -.25E+00  0.59E+01     9
    27    33  -.13E-02  0.69E-01     9
    27    34  -.28E-03  0.11E+00     9
    27    41  0.23E-02  0.74E-01     9
    27    43  0.20E-02  0.34E+00     9
    27    44  -.11E-01  0.82E+00     9
    27    45  0.12E-01  0.77E+00     9
    27    46  0.43E-03  0.69E-02     9
    27    50  0.97E-03  0.64E-01     9
    28    31  -.15E-01  0.23E+02     9
    28    33  -.13E-01  0.23E+00     9
    28    34  -.42E-01  0.15E+01     9
    28    41  -.33E-03  0.11E-01     9
    28    43  -.46E-02  0.13E+00     9
    28    44  -.11E-01  0.44E+00     9
    28    45  -.54E-02  0.29E+00     9
    28    46  -.23E-02  0.33E+00     9
    28    50  -.22E-02  0.50E+00     9
    29    28  -.21E+00  0.24E+02     9
    29    31  0.44E-01  0.74E+01     9
    29    33  -.19E-01  0.30E+00     9
    29    34  -.59E-01  0.12E+01     9
    29    41  0.55E-03  0.13E+00     9
    29    43  -.50E-02  0.39E+00     9
    29    44  -.76E-02  0.69E+00     9
    29    45  -.82E-02  0.33E+00     9
    29    46  -.82E-02  0.26E+00     9
    29    50  -.45E-02  0.82E+00     9
    31    33  0.74E-02  0.43E+00     9
    31    34  -.29E-01  0.38E+00     9
    31    41  -.14E-02  0.37E-01     9
    31    43  -.46E-02  0.12E+00     9
    31    44  -.14E-02  0.11E+00     9
    31    45  -.13E-03  0.49E-01     9
    31    46  0.21E-02  0.11E-01     9
    31    50  -.51E-02  0.14E+00     9
    33    41  0.10E+00  0.11E+01     9
    33    43  0.16E+00  0.14E+01     9
    33    44  -.91E-02  0.18E+00     9
    33    45  -.21E-02  0.51E-01     9
    33    46  -.43E-03  0.66E-01     9
    33    50  -.13E-01  0.34E+00     9
    34    33  -.15E+00  0.67E+01     9
    34    41  -.44E-02  0.81E-01     9
    34    43  -.13E-01  0.19E+00     9
    34    44  0.16E+00  0.37E+01     9
    34    45  -.27E-01  0.59E+00     9
    34    46  -.25E-01  0.70E+00     9
    34    50  0.52E-02  0.46E+00     9
    41    43  -.18E+00  0.35E+01     9
    41    44  -.12E-02  0.19E+00     9
    41    45  0.17E-04  0.85E-03     9
    41    46  0.26E-03  0.33E-02     9
    41    50  -.48E-01  0.83E+01     9
    43    44  0.18E-02  0.13E+00     9
    43    45  0.71E-02  0.18E+00     9
    43    46  0.82E-04  0.56E-02     9
    43    50  -.20E+00  0.23E+02     9
    44    45  -.30E+00  0.19E+02     9
    44    46  -.42E+00  0.32E+02     9
    44    50  0.88E-03  0.20E+00     9
    45    46  -.40E+00  0.37E+02     9
    45    50  -.49E-03  0.13E+00     9
    46    50  -.31E-02  0.58E+00     9
   120   351
     1     2  0.10E-01  0.20E+01     9
     1     3  0.18E+00  0.55E+01     9
     1     4  -.11E+00  0.43E+01     9
     1     5  -.53E-01  0.46E+01     9
     1     6  -.19E+00  0.31E+01     9
     1     8  -.92E-01  0.33E+01     9
     1    12  -.19E+00  0.42E+01     9
     1    14  -.23E-01  0.12E+01     9
     1    15  -.51E-01  0.27E+01     9
     1    17  -.17E+00  0.96E+01     9
     1    18  -.20E+00  0.41E+01     9
     1    19  -.45E+00  0.81E+01     9
     1    20  -.98E-01  0.29E+01     9
     1    21  -.36E-01  0.93E+00     9
     1    23  -.62E-01  0.11E+01     9
     1    24  -.35E-01  0.11E+01     9
     1    25  -.23E-01  0.31E+00     9
     1    26  -.75E-01  0.23E+01     9
     1    27  -.23E+00  0.48E+01     9
     1    29  -.23E-01  0.35E+00     9
     1    32  -.12E-01  0.17E+00     9
     1    33  0.15E+00  0.11E+02     9
     1    34  -.13E-01  0.19E+00     9
     1    35  -.64E-01  0.13E+01     9
     1    37  -.22E-01  0.32E+00     9
     1    41  -.14E-02  0.19E-01     9
     1    43  -.58E-02  0.90E-01     9
     1    45  -.49E-01  0.99E+00     9
     1    46  -.66E-03  0.21E-01     9
     1    47  -.10E-01  0.11E+01     9
     1    48  0.39E+00  0.81E+01     9
     1    49  -.29E-02  0.78E-01     9
     1    50  -.15E-01  0.67E+00     9
     2     3  0.22E-01  0.13E+01     9
     2     4  -.14E+00  0.36E+01     9
     2     5  -.62E-01  0.20E+01     9
     2     7  -.15E-02  0.29E-01     9
     2     8  -.93E-01  0.20E+01     9
     2     9  -.17E-02  0.72E+00     9
     2    10  -.63E-02  0.25E+00     9
     2    11  -.14E-01  0.86E+00     9
     2    12  -.11E-01  0.13E+00     9
     2    13  -.29E-01  0.93E+00     9
     2    14  -.42E-01  0.12E+01     9
     2    15  -.60E-01  0.10E+01     9
     2    16  -.63E-02  0.28E+00     9
     2    17  -.22E-01  0.42E+00     9
     2    18  -.71E-01  0.13E+01     9
     2    19  -.58E-01  0.11E+01     9
     2    20  -.27E-01  0.95E+00     9
     2    21  -.78E-01  0.19E+01     9
     2    22  -.30E-02  0.70E-01     9
     2    23  -.76E-01  0.14E+01     9
     2    24  -.11E-01  0.29E+00     9
     2    25  -.86E-01  0.17E+01     9
     2    27  -.21E-01  0.33E+00     9
     2    28  -.23E-02  0.34E-01     9
     2    29  -.87E-01  0.20E+01     9
     2    30  -.83E-02  0.25E+00     9
     2    31  -.10E-01  0.32E+00     9
     2    32  -.19E-01  0.31E+00     9
     2    33  -.90E-02  0.14E+00     9
     2    34  -.14E-01  0.25E+00     9
     2    35  -.32E-01  0.46E+00     9
     2    36  -.45E-02  0.95E-01     9
     2    37  -.16E-01  0.55E+00     9
     2    38  -.38E-02  0.65E-01     9
     2    39  -.38E-02  0.10E+00     9
     2    40  -.20E-03  0.12E-01     9
     2    41  -.26E-02  0.42E-01     9
     2    42  -.41E-03  0.65E-02     9
     2    43  -.11E-01  0.22E+00     9
     2    44  -.16E-02  0.33E-01     9
     2    45  -.28E-02  0.52E-01     9
     2    46  -.19E-02  0.38E-01     9
     2    47  -.17E-02  0.33E-01     9
     2    48  -.61E-02  0.15E+00     9
     2    49  -.49E-02  0.15E+00     9
     2    50  -.18E-01  0.53E+00     9
     3     4  -.16E+00  0.57E+01     9
     3     5  -.31E+00  0.11E+02     9
     3     7  -.70E-01  0.54E+01     9
     3     8  -.86E-01  0.23E+01     9
     3     9  -.54E-01  0.18E+01     9
     3    10  -.46E-03  0.11E-01     9
     3    11  -.13E-01  0.59E+00     9
     3    12  -.35E-02  0.53E-01     9
     3    13  -.46E-01  0.15E+01     9
     3    14  -.29E-01  0.85E+00     9
     3    15  -.16E+00  0.47E+01     9
     3    16  -.63E-01  0.18E+01     9
     3    17  0.16E+00  0.11E+02     9
     3    18  -.24E-01  0.47E+00     9
     3    19  -.48E-01  0.99E+00     9
     3    20  -.25E+00  0.12E+02     9
     3    21  -.33E-01  0.49E+00     9
     3    22  -.82E-02  0.29E+00     9
     3    23  -.38E-01  0.63E+00     9
     3    24  -.14E+00  0.61E+01     9
     3    25  -.41E-01  0.56E+00     9
     3    27  -.10E+00  0.21E+01     9
     3    28  -.37E-01  0.10E+01     9
     3    29  -.83E-01  0.16E+01     9
     3    30  -.41E-02  0.90E-01     9
     3    31  -.85E-02  0.21E+00     9
     3    32  -.72E-01  0.32E+01     9
     3    33  -.35E-01  0.59E+00     9
     3    34  -.45E-01  0.12E+01     9
     3    35  -.95E-01  0.22E+01     9
     3    36  -.17E-01  0.56E+00     9
     3    37  -.27E-01  0.14E+01     9
     3    38  -.16E-01  0.32E+00     9
     3    39  -.39E-02  0.18E+00     9
     3    40  0.92E-04  0.35E-02     9
     3    41  0.13E-03  0.19E-01     9
     3    42  -.15E-03  0.19E-01     9
     3    43  -.81E-02  0.23E+00     9
     3    44  0.61E-03  0.54E-01     9
     3    45  -.51E-01  0.20E+01     9
     3    46  -.10E-01  0.71E+00     9
     3    47  -.49E-02  0.14E+01     9
     3    48  -.97E-02  0.77E+00     9
     3    49  -.83E-03  0.27E-01     9
     3    50  -.73E-02  0.12E+00     9
     4     5  -.26E+00  0.64E+01     9
     4     7  -.95E-03  0.14E+01     9
     4     8  -.14E+00  0.44E+01     9
     4     9  -.22E-01  0.22E+01     9
     4    10  -.45E-02  0.15E+00     9
     4    11  -.30E-01  0.15E+01     9
     4    12  -.18E-01  0.22E+00     9
     4    13  -.47E-01  0.13E+01     9
     4    14  -.53E-01  0.13E+01     9
     4    15  -.13E+00  0.35E+01     9
     4    16  -.36E-01  0.84E+00     9
     4    17  -.94E-01  0.32E+01     9
     4    18  -.92E-01  0.17E+01     9
     4    19  -.92E-01  0.16E+01     9
     4    20  -.16E+00  0.56E+01     9
     4    21  -.80E-01  0.19E+01     9
     4    22  -.82E-02  0.29E+00     9
     4    23  -.98E-01  0.19E+01     9
     4    24  -.51E-01  0.12E+01     9
     4    25  -.12E+00  0.27E+01     9
     4    27  -.53E-01  0.88E+00     9
     4    28  -.10E-01  0.16E+00     9
     4    29  -.12E+00  0.23E+01     9
     4    30  -.18E-01  0.40E+00     9
     4    31  -.14E-01  0.35E+00     9
     4    32  -.27E-01  0.14E+01     9
     4    33  -.28E-01  0.46E+00     9
     4    34  -.25E-01  0.14E+01     9
     4    35  -.10E+00  0.15E+01     9
     4    36  -.12E-01  0.34E+00     9
     4    37  -.33E-01  0.10E+01     9
     4    38  -.92E-02  0.30E+00     9
     4    39  -.72E-02  0.18E+00     9
     4    40  -.20E-02  0.53E-01     9
     4    41  -.36E-02  0.70E-01     9
     4    42  -.91E-03  0.19E-01     9
     4    43  -.14E-01  0.55E+00     9
     4    44  -.12E-02  0.83E-01     9
     4    45  -.28E-01  0.72E+00     9
     4    46  -.73E-02  0.18E+00     9
     4    47  -.16E-01  0.68E+00     9
     4    48  -.11E-01  0.59E+00     9
     4    49  -.28E-02  0.16E+00     9
     4    50  -.17E-01  0.68E+00     9
     5     7  -.62E-01  0.25E+01     9
     5     8  -.15E+00  0.49E+01     9
     5     9  -.55E-01  0.22E+01     9
     5    10  -.34E-02  0.23E+00     9
     5    11  -.37E-01  0.10E+01     9
     5    12  -.24E-01  0.30E+00     9
     5    13  -.49E-01  0.18E+01     9
     5    14  -.71E-01  0.15E+01     9
     5    15  -.22E+00  0.49E+01     9
     5    16  -.53E-01  0.19E+01     9
     5    17  -.12E+00  0.43E+01     9
     5    18  -.39E-01  0.63E+00     9
     5    19  -.11E+00  0.21E+01     9
     5    20  -.22E+00  0.60E+01     9
     5    21  -.41E-01  0.86E+00     9
     5    22  -.54E-02  0.51E+00     9
     5    23  -.79E-01  0.21E+01     9
     5    24  -.11E+00  0.39E+01     9
     5    25  -.70E-01  0.11E+01     9
     5    27  -.70E-01  0.15E+01     9
     5    28  -.30E-01  0.61E+00     9
     5    29  -.68E-01  0.17E+01     9
     5    30  -.61E-02  0.16E+00     9
     5    31  -.61E-02  0.22E+00     9
     5    32  -.33E-01  0.13E+01     9
     5    33  -.13E-01  0.24E+00     9
     5    34  -.34E-01  0.26E+01     9
     5    35  -.49E-01  0.17E+01     9
     5    36  -.96E-02  0.31E+00     9
     5    37  -.25E-01  0.67E+00     9
     5    38  -.13E-01  0.42E+00     9
     5    39  -.36E-02  0.94E-01     9
     5    40  0.99E-03  0.59E-01     9
     5    41  -.75E-02  0.10E+00     9
     5    42  -.29E-02  0.48E-01     9
     5    43  -.12E-01  0.68E+00     9
     5    44  -.49E-03  0.10E+00     9
     5    45  -.53E-01  0.11E+01     9
     5    46  -.86E-02  0.64E+00     9
     5    47  -.23E-01  0.83E+00     9
     5    48  -.14E-01  0.85E+00     9
     5    49  -.17E-02  0.39E-01     9
     5    50  -.12E-01  0.25E+00     9
     6    12  -.46E+00  0.67E+01     9
     6    17  -.95E-01  0.33E+01     9
     6    18  -.31E-01  0.10E+01     9
     6    19  -.73E-01  0.20E+01     9
     6    26  0.26E+01  0.49E+02     9
     6    27  0.56E-03  0.90E+00     9
     6    33  -.58E-01  0.19E+01     9
     6    45  -.92E-03  0.55E-01     9
     6    47  0.23E-02  0.25E+00     9
     6    48  -.24E-02  0.18E+00     9
     6    50  -.79E-03  0.46E-01     9
     7     8  -.12E-02  0.56E+00     9
     7     9  -.64E-01  0.15E+01     9
     7    10  -.10E-02  0.18E-01     9
     7    11  -.13E-01  0.32E+00     9
     7    13  -.33E-01  0.76E+00     9
     7    14  -.14E-02  0.28E-01     9
     7    15  -.22E-01  0.12E+01     9
     7    16  -.49E-01  0.17E+01     9
     7    20  -.38E-01  0.48E+00     9
     7    21  -.37E-02  0.47E-01     9
     7    22  -.76E-02  0.14E+00     9
     7    23  -.10E-01  0.13E+00     9
     7    24  -.63E-01  0.19E+01     9
     7    25  -.62E-02  0.98E-01     9
     7    28  0.21E-01  0.15E+01     9
     7    29  -.13E-01  0.21E+00     9
     7    30  -.24E-02  0.63E-01     9
     7    31  -.48E-02  0.11E+00     9
     7    32  -.26E-01  0.90E+00     9
     7    34  -.75E-03  0.55E+00     9
     7    35  -.34E-02  0.90E-01     9
     7    36  0.13E-01  0.79E+00     9
     7    37  0.18E-02  0.93E-01     9
     7    38  -.51E-03  0.61E+00     9
     7    39  0.93E-03  0.89E-01     9
     7    40  0.24E-03  0.37E-02     9
     7    41  0.64E-03  0.14E-01     9
     7    42  -.62E-03  0.19E-01     9
     7    43  -.20E-02  0.48E-01     9
     7    44  0.96E-03  0.67E-01     9
     7    46  -.31E-02  0.21E+00     9
     8     9  -.33E-01  0.13E+01     9
     8    10  -.11E-01  0.38E+00     9
     8    11  -.32E-01  0.99E+00     9
     8    12  -.43E-01  0.48E+00     9
     8    13  -.32E-01  0.14E+01     9
     8    14  -.88E-01  0.26E+01     9
     8    15  -.88E-01  0.24E+01     9
     8    16  -.24E-01  0.77E+00     9
     8    17  -.77E-01  0.17E+01     9
     8    18  -.51E-01  0.87E+00     9
     8    19  -.12E+00  0.21E+01     9
     8    20  -.11E+00  0.24E+01     9
     8    21  -.76E-01  0.14E+01     9
     8    22  -.11E-01  0.47E+00     9
     8    23  -.11E+00  0.25E+01     9
     8    24  -.24E-01  0.42E+00     9
     8    25  -.94E-01  0.16E+01     9
     8    27  -.29E-01  0.56E+00     9
     8    28  -.76E-02  0.10E+00     9
     8    29  -.52E-01  0.10E+01     9
     8    30  -.91E-02  0.19E+00     9
     8    31  -.84E-02  0.16E+00     9
     8    32  -.20E-01  0.36E+00     9
     8    33  -.73E-02  0.18E+00     9
     8    34  -.27E-01  0.78E+00     9
     8    35  -.45E-01  0.99E+00     9
     8    36  -.30E-02  0.77E-01     9
     8    37  -.18E-01  0.11E+01     9
     8    38  -.57E-02  0.14E+00     9
     8    39  -.63E-02  0.25E+00     9
     8    40  0.10E-02  0.11E+00     9
     8    41  -.84E-02  0.52E+00     9
     8    42  -.11E-02  0.63E-01     9
     8    43  0.35E-02  0.86E+00     9
     8    44  -.12E-02  0.14E+00     9
     8    45  -.93E-02  0.32E+00     9
     8    46  0.15E-02  0.42E+00     9
     8    47  -.31E-02  0.39E+00     9
     8    48  0.72E-03  0.43E+00     9
     8    49  -.10E-02  0.37E-01     9
     8    50  -.91E-02  0.39E+00     9
     9    10  -.11E-01  0.25E+00     9
     9    11  -.54E-01  0.11E+01     9
     9    13  -.69E-01  0.12E+01     9
     9    14  -.19E-01  0.42E+00     9
     9    15  -.30E-01  0.73E+00     9
     9    16  -.43E-01  0.95E+00     9
     9    20  -.32E-01  0.39E+00     9
     9    21  -.10E-01  0.13E+00     9
     9    22  0.81E-03  0.30E+00     9
     9    23  -.18E-01  0.22E+00     9
     9    24  -.26E-01  0.55E+00     9
     9    25  -.27E-01  0.55E+00     9
     9    28  -.39E-02  0.40E+00     9
     9    29  -.38E-01  0.96E+00     9
     9    30  0.97E-03  0.44E+00     9
     9    31  0.16E-01  0.78E+00     9
     9    32  -.93E-02  0.67E+00     9
     9    34  -.76E-02  0.40E+00     9
     9    35  -.29E-02  0.11E+00     9
     9    36  0.15E-01  0.53E+00     9
     9    37  -.64E-03  0.30E+00     9
     9    38  -.68E-02  0.42E+00     9
     9    39  0.39E-02  0.41E+00     9
     9    40  0.21E-03  0.13E-01     9
     9    41  0.37E-03  0.18E-01     9
     9    42  -.38E-03  0.43E-01     9
     9    43  -.22E-02  0.61E-01     9
     9    44  0.60E-03  0.96E-01     9
     9    46  -.22E-02  0.78E-01     9
    10    11  -.89E-02  0.24E+00     9
    10    13  -.36E-02  0.15E+00     9
    10    14  -.27E-02  0.88E-01     9
    10    15  -.52E-02  0.83E-01     9
    10    16  -.85E-02  0.12E+00     9
    10    20  -.18E-02  0.27E-01     9
    10    21  -.15E-02  0.20E-01     9
    10    22  -.74E-03  0.56E-01     9
    10    23  -.36E-02  0.53E-01     9
    10    24  -.49E-03  0.99E-02     9
    10    25  -.68E-02  0.29E+00     9
    10    28  -.31E-03  0.79E-02     9
    10    29  -.19E-02  0.35E-01     9
    10    30  0.60E-02  0.22E+00     9
    10    31  -.28E-02  0.54E-01     9
    10    32  -.19E-03  0.12E-01     9
    10    34  0.30E-03  0.40E-01     9
    10    35  -.66E-03  0.12E-01     9
    10    36  -.18E-03  0.10E-01     9
    10    37  -.42E-03  0.24E-01     9
    10    38  -.28E-03  0.25E-01     9
    10    39  -.21E-03  0.28E-01     9
    10    40  -.12E-02  0.41E-01     9
    10    41  0.29E-03  0.24E-01     9
    10    42  -.45E-02  0.98E-01     9
    10    43  -.99E-03  0.58E-01     9
    10    44  0.25E-03  0.76E-01     9
    10    46  -.50E-03  0.98E-02     9
   121   351
     1     2  -.22E-01  0.30E+01     9
     1     3  -.71E-02  0.98E+00     9
     1     4  -.57E-02  0.15E+01     9
     1     6  -.50E-02  0.11E+01     9
     1    17  -.67E-01  0.40E+01     9
     1    18  -.18E-01  0.10E+01     9
     1    19  -.49E-03  0.24E-01     9
     1    20  -.54E-03  0.24E-01     9
     1    21  -.64E-03  0.31E-01     9
     1    22  -.11E-02  0.48E-01     9
     1    27  -.33E-03  0.16E-01     9
     1    34  -.20E-02  0.50E+00     9
     1    35  0.67E-01  0.39E+01     9
     1    36  -.11E-04  0.99E-03     9
     1    37  -.14E-04  0.89E-03     9
     1    38  -.14E-02  0.20E+00     9
     1    39  -.22E-02  0.24E+00     9
     1    42  -.17E-02  0.28E+00     9
     1    44  -.59E-03  0.93E-01     9
     1    45  -.19E-04  0.60E-02     9
     2     3  -.41E-01  0.29E+01     9
     2     4  -.76E-01  0.74E+01     9
     2     5  -.38E-01  0.72E+01     9
     2     6  -.38E-01  0.87E+01     9
     2     7  -.14E-01  0.18E+01     9
     2     8  -.13E-01  0.13E+01     9
     2     9  -.25E-01  0.34E+01     9
     2    10  -.21E-01  0.36E+01     9
     2    11  -.10E-01  0.23E+01     9
     2    12  -.16E-02  0.25E+00     9
     2    13  -.10E-01  0.81E+00     9
     2    14  -.10E-01  0.16E+01     9
     2    15  -.26E-02  0.29E+00     9
     2    16  -.54E-02  0.51E+00     9
     2    17  -.82E-01  0.41E+01     9
     2    18  -.70E-01  0.44E+01     9
     2    19  -.63E-01  0.49E+01     9
     2    20  -.58E-02  0.28E+00     9
     2    21  -.39E-01  0.30E+01     9
     2    22  -.45E-01  0.33E+01     9
     2    23  -.95E-02  0.85E+00     9
     2    24  -.35E-03  0.31E-01     9
     2    25  -.39E-02  0.34E+00     9
     2    26  -.45E-02  0.40E+00     9
     2    27  -.65E-02  0.85E+00     9
     2    28  -.12E-02  0.85E-01     9
     2    29  -.14E-02  0.11E+00     9
     2    30  -.60E-04  0.47E-02     9
     2    31  -.17E-02  0.14E+00     9
     2    32  -.47E-03  0.29E-01     9
     2    33  -.70E-03  0.54E-01     9
     2    34  -.15E-01  0.14E+01     9
     2    35  -.48E-02  0.50E+00     9
     2    36  -.23E-02  0.36E+00     9
     2    37  -.59E-03  0.34E-01     9
     2    38  -.26E-02  0.32E+00     9
     2    39  -.47E-02  0.51E+00     9
     2    40  -.53E-03  0.55E-01     9
     2    41  -.66E-04  0.46E-02     9
     2    42  0.83E-01  0.45E+01     9
     2    43  -.63E-04  0.45E-02     9
     2    44  0.33E-04  0.48E+00     9
     2    45  0.33E-01  0.29E+01     9
     3     4  -.35E-01  0.34E+01     9
     3     5  -.11E-02  0.61E-01     9
     3     6  -.28E-01  0.28E+01     9
     3     7  -.11E-01  0.19E+01     9
     3     8  -.11E-01  0.15E+01     9
     3     9  -.65E-02  0.13E+01     9
     3    10  -.74E-02  0.62E+00     9
     3    11  -.11E-01  0.82E+00     9
     3    12  -.22E-02  0.19E+00     9
     3    13  -.61E-02  0.92E+00     9
     3    14  -.40E-02  0.34E+00     9
     3    15  -.23E-02  0.17E+00     9
     3    16  -.38E-02  0.34E+00     9
     3    17  -.29E-01  0.14E+01     9
     3    18  -.31E-01  0.18E+01     9
     3    19  -.41E-02  0.20E+00     9
     3    20  -.19E-01  0.14E+01     9
     3    21  -.11E-01  0.12E+01     9
     3    22  -.28E-02  0.15E+00     9
     3    23  -.12E-02  0.58E-01     9
     3    24  -.20E-02  0.16E+00     9
     3    25  -.29E-02  0.24E+00     9
     3    26  -.40E-03  0.28E-01     9
     3    27  -.35E-02  0.46E+00     9
     3    28  -.33E-03  0.19E-01     9
     3    29  -.91E-04  0.54E-02     9
     3    30  -.34E-04  0.26E-02     9
     3    31  -.10E-02  0.84E-01     9
     3    32  -.16E-03  0.17E-01     9
     3    33  -.15E-03  0.11E-01     9
     3    34  -.37E-02  0.32E+00     9
     3    35  -.17E-02  0.19E+00     9
     3    36  -.32E-03  0.10E+00     9
     3    37  -.44E-03  0.14E+00     9
     3    38  0.22E-01  0.13E+01     9
     3    39  -.31E-02  0.22E+00     9
     3    40  -.14E-03  0.18E-01     9
     3    41  -.21E-03  0.25E-01     9
     3    42  -.62E-03  0.26E+00     9
     3    43  -.39E-04  0.31E-02     9
     3    44  0.11E-01  0.74E+00     9
     3    45  -.19E-02  0.11E+00     9
     4     5  -.84E-02  0.13E+01     9
     4     6  -.45E-01  0.58E+01     9
     4     7  -.13E-01  0.13E+01     9
     4     8  -.14E-01  0.16E+01     9
     4     9  -.94E-02  0.74E+00     9
     4    10  -.66E-02  0.22E+01     9
     4    11  -.13E-01  0.23E+01     9
     4    12  -.26E-02  0.43E+00     9
     4    13  -.13E-01  0.13E+01     9
     4    14  -.93E-02  0.91E+00     9
     4    15  -.45E-02  0.53E+00     9
     4    16  -.57E-02  0.62E+00     9
     4    17  -.45E-01  0.22E+01     9
     4    18  -.64E-01  0.36E+01     9
     4    19  -.72E-02  0.35E+00     9
     4    20  -.54E-02  0.71E+00     9
     4    21  -.90E-02  0.80E+00     9
     4    22  -.59E-02  0.13E+01     9
     4    23  -.12E-02  0.67E-01     9
     4    24  -.18E-02  0.16E+00     9
     4    25  -.19E-02  0.15E+00     9
     4    26  -.34E-02  0.30E+00     9
     4    27  -.39E-02  0.10E+01     9
     4    28  -.50E-03  0.35E-01     9
     4    29  -.29E-03  0.18E-01     9
     4    30  -.55E-04  0.73E-02     9
     4    31  -.23E-02  0.21E+00     9
     4    32  -.27E-03  0.17E-01     9
     4    33  -.24E-03  0.19E-01     9
     4    34  -.54E-02  0.56E+00     9
     4    35  -.17E-02  0.22E+00     9
     4    36  -.71E-03  0.14E+00     9
     4    37  -.10E-03  0.29E+00     9
     4    38  0.17E-01  0.10E+01     9
     4    39  -.29E-02  0.44E+00     9
     4    40  -.19E-03  0.22E-01     9
     4    41  -.38E-03  0.48E-01     9
     4    42  0.78E-02  0.87E+00     9
     4    43  -.55E-04  0.41E-02     9
     4    44  0.33E-01  0.20E+01     9
     4    45  -.21E-02  0.18E+00     9
     5     6  -.16E-01  0.19E+01     9
     5     7  -.22E-01  0.15E+01     9
     5     8  -.10E-01  0.82E+00     9
     5     9  -.67E-01  0.62E+01     9
     5    10  -.28E-01  0.39E+01     9
     5    11  -.15E-01  0.17E+01     9
     5    12  -.85E-03  0.37E-01     9
     5    13  -.72E-02  0.46E+00     9
     5    14  -.11E-01  0.39E+01     9
     5    15  -.74E-03  0.37E-01     9
     5    16  -.31E-02  0.27E+00     9
     5    18  -.61E-02  0.26E+00     9
     5    19  -.37E-01  0.25E+01     9
     5    20  -.83E-03  0.39E-01     9
     5    21  -.66E-02  0.34E+00     9
     5    22  -.93E-02  0.75E+00     9
     5    23  -.21E-02  0.22E+01     9
     5    24  -.22E-03  0.21E-01     9
     5    25  -.19E-02  0.13E+00     9
     5    26  -.11E-02  0.10E+01     9
     5    27  -.32E-03  0.32E-01     9
     5    28  -.23E-02  0.51E+00     9
     5    29  -.86E-02  0.25E+01     9
     5    30  -.26E-04  0.34E-02     9
     5    31  -.53E-03  0.42E-01     9
     5    32  -.38E-03  0.38E-01     9
     5    33  -.95E-03  0.66E-01     9
     5    36  -.23E-03  0.15E-01     9
     5    37  -.11E-03  0.59E-02     9
     5    38  -.12E-03  0.73E-02     9
     5    40  -.73E-03  0.46E-01     9
     5    41  -.14E-03  0.76E-02     9
     5    42  -.67E-03  0.53E-01     9
     5    43  -.23E-03  0.17E+00     9
     5    44  -.32E-03  0.24E-01     9
     5    45  -.91E-02  0.15E+01     9
     6     9  -.19E-01  0.34E+01     9
     6    10  -.19E-01  0.16E+01     9
     6    11  -.12E-01  0.12E+01     9
     6    12  -.13E-02  0.86E-01     9
     6    13  -.12E-01  0.15E+01     9
     6    14  -.24E-01  0.40E+01     9
     6    15  -.79E-02  0.13E+01     9
     6    16  -.19E-01  0.20E+01     9
     6    17  -.61E-01  0.31E+01     9
     6    18  -.89E-01  0.49E+01     9
     6    19  -.25E-01  0.19E+01     9
     6    20  -.55E-02  0.27E+00     9
     6    21  -.19E-01  0.99E+00     9
     6    22  -.17E-01  0.16E+01     9
     6    23  -.57E-02  0.43E+00     9
     6    24  -.67E-03  0.38E-01     9
     6    25  -.27E-02  0.14E+00     9
     6    26  -.44E-02  0.32E+00     9
     6    27  -.66E-02  0.49E+00     9
     6    28  -.12E-02  0.64E-01     9
     6    29  -.15E-02  0.77E-01     9
     6    30  -.50E-04  0.35E-02     9
     6    31  -.12E-02  0.78E-01     9
     6    32  -.41E-03  0.22E-01     9
     6    33  -.53E-03  0.28E-01     9
     6    34  -.62E-02  0.76E+00     9
     6    35  -.22E-02  0.22E+00     9
     6    36  0.37E-03  0.18E+01     9
     6    37  0.17E-03  0.58E+00     9
     6    38  -.25E-02  0.26E+00     9
     6    39  -.61E-02  0.75E+00     9
     6    40  -.23E-02  0.36E+00     9
     6    41  -.91E-03  0.11E+00     9
     6    42  0.22E-01  0.18E+01     9
     6    43  -.97E-04  0.10E-01     9
     6    44  0.64E-01  0.32E+01     9
     6    45  -.43E-02  0.50E+00     9
     7     6  -.99E-02  0.13E+01     9
     7     9  -.18E-01  0.28E+01     9
     7    10  -.22E-01  0.18E+01     9
     7    11  -.22E-01  0.24E+01     9
     7    12  -.31E-02  0.24E+00     9
     7    13  -.14E-01  0.15E+01     9
     7    14  -.12E-01  0.84E+00     9
     7    15  -.55E-02  0.32E+00     9
     7    16  -.50E-02  0.70E+00     9
     7    18  -.64E-02  0.27E+00     9
     7    19  -.10E-01  0.58E+00     9
     7    20  -.82E-02  0.51E+00     9
     7    21  -.88E-02  0.48E+00     9
     7    22  -.46E-02  0.35E+00     9
     7    23  -.43E-02  0.39E+00     9
     7    24  -.56E-03  0.55E+00     9
     7    25  -.51E-02  0.51E+00     9
     7    26  -.16E-02  0.46E+00     9
     7    27  -.12E-02  0.89E-01     9
     7    28  -.34E-02  0.86E+00     9
     7    29  -.11E-02  0.92E-01     9
     7    30  -.15E-03  0.89E-02     9
     7    31  -.52E-03  0.17E+00     9
     7    32  -.15E-02  0.42E+00     9
     7    33  -.95E-03  0.18E+00     9
     7    36  -.33E-03  0.24E-01     9
     7    37  -.23E-03  0.27E-01     9
     7    38  -.29E-03  0.22E-01     9
     7    40  -.52E-03  0.44E-01     9
     7    41  -.11E-04  0.62E-01     9
     7    42  -.61E-03  0.45E-01     9
     7    43  -.14E-03  0.75E-01     9
     7    44  -.38E-03  0.30E-01     9
     7    45  -.62E-02  0.44E+00     9
     8     6  -.80E-02  0.66E+00     9
     8     7  -.26E-01  0.26E+01     9
     8     9  -.18E-01  0.13E+01     9
     8    10  -.14E-01  0.16E+01     9
     8    11  -.16E-01  0.16E+01     9
     8    12  -.44E-02  0.39E+00     9
     8    13  -.14E-01  0.14E+01     9
     8    14  -.67E-02  0.51E+00     9
     8    15  -.23E-02  0.42E+00     9
     8    16  -.52E-02  0.32E+00     9
     8    18  -.48E-02  0.20E+00     9
     8    19  -.33E-02  0.17E+00     9
     8    20  -.45E-02  0.30E+00     9
     8    21  -.71E-02  0.48E+00     9
     8    22  -.19E-02  0.12E+00     9
     8    23  -.14E-02  0.97E-01     9
     8    24  -.49E-03  0.35E+00     9
     8    25  -.96E-03  0.60E+00     9
     8    26  -.10E-02  0.15E+00     9
     8    27  -.11E-02  0.10E+00     9
     8    28  -.19E-02  0.48E+00     9
     8    29  -.42E-03  0.39E-01     9
     8    30  -.86E-03  0.22E+00     9
     8    31  -.10E-02  0.20E+00     9
     8    32  -.15E-02  0.34E+00     9
     8    33  -.58E-03  0.12E+00     9
     8    36  -.43E-03  0.32E-01     9
     8    37  -.13E-03  0.85E-02     9
     8    38  -.48E-03  0.32E-01     9
     8    40  -.28E-03  0.38E-01     9
     8    41  -.19E-03  0.16E-01     9
     8    42  -.84E-03  0.52E-01     9
     8    43  -.16E-03  0.12E-01     9
     8    44  -.38E-03  0.23E-01     9
     8    45  -.94E-03  0.59E-01     9
     9    10  -.30E-01  0.36E+01     9
     9    11  -.18E-01  0.21E+01     9
     9    12  -.68E-03  0.33E-01     9
     9    13  -.10E-01  0.11E+01     9
     9    14  -.28E-01  0.31E+01     9
     9    15  -.52E-02  0.31E+00     9
     9    16  -.46E-02  0.11E+01     9
     9    18  -.63E-02  0.27E+00     9
     9    19  -.22E-01  0.16E+01     9
     9    20  -.29E-02  0.14E+00     9
     9    21  -.13E-01  0.77E+00     9
     9    22  -.94E-02  0.57E+00     9
     9    23  -.35E-02  0.13E+01     9
     9    24  -.76E-03  0.62E-01     9
     9    25  0.92E-04  0.89E+00     9
     9    26  -.30E-02  0.55E+00     9
     9    27  0.27E-02  0.22E+00     9
     9    28  -.39E-02  0.74E+00     9
     9    29  -.78E-02  0.12E+01     9
     9    30  -.69E-04  0.37E-02     9
     9    31  -.23E-03  0.13E+00     9
     9    32  0.16E-02  0.19E+00     9
     9    33  -.12E-02  0.29E+00     9
     9    36  0.38E-02  0.44E+00     9
     9    37  0.25E-02  0.11E+00     9
     9    38  -.13E-03  0.93E-02     9
     9    40  0.25E-02  0.40E+00     9
     9    41  -.26E-03  0.17E-01     9
     9    42  -.64E-03  0.54E-01     9
     9    43  -.56E-03  0.57E+00     9
     9    44  -.27E-03  0.21E-01     9
     9    45  -.62E-02  0.80E+00     9
    10    11  -.19E-01  0.28E+01     9
    10    12  -.56E-02  0.51E+00     9
    10    13  -.15E-01  0.21E+01     9
    10    14  -.18E-01  0.28E+01     9
    10    15  -.51E-02  0.51E+00     9
    10    16  -.62E-02  0.60E+00     9
    10    18  -.90E-02  0.37E+00     9
    10    19  -.76E-02  0.36E+00     9
    10    20  -.18E-02  0.88E-01     9
    10    21  -.89E-02  0.58E+00     9
    10    22  -.79E-02  0.64E+00     9
    10    23  -.37E-02  0.29E+00     9
    10    24  -.66E-03  0.41E-01     9
    10    25  -.22E-02  0.68E+00     9
    10    26  -.13E-02  0.11E+01     9
    10    27  -.20E-02  0.15E+00     9
    10    28  -.21E-02  0.33E+00     9
    10    29  -.24E-02  0.59E+00     9
    10    30  -.72E-04  0.59E-02     9
    10    31  -.68E-03  0.23E+00     9
    10    32  -.11E-02  0.32E+00     9
    10    33  -.14E-02  0.63E+00     9
    10    36  -.11E-02  0.91E-01     9
    10    37  -.65E-04  0.46E-02     9
    10    38  -.21E-03  0.15E-01     9
    10    40  0.29E-04  0.15E+00     9
    10    41  -.12E-03  0.87E-02     9
    10    42  -.50E-03  0.40E-01     9
    10    43  -.36E-03  0.12E+00     9
    10    44  -.24E-03  0.19E-01     9
    10    45  -.22E-02  0.24E+00     9
