     5     5    32
     1     6
    205775.7   0.119E-01
    205775.7   0.613E-02
    205842.4   0.147E-08
    205675.6   0.295E-02
    205708.9   0.147E-01
    205775.7   0.951E-09
     2    17
    155907.8   0.179E-06
    155907.8   0.205E-06
    159810.5   0.375E-02
    159843.9   0.189E-01
    162946.0   0.894E-08
    163012.8   0.163E-05
    155874.5   0.170E-08
    155874.5   0.556E-07
    159777.2   0.937E-02
    159810.5   0.296E-02
    159877.2   0.103E-01
    162912.7   0.198E-07
    162979.4   0.364E-06
    155807.8   0.276E-07
    159777.2   0.676E-02
    159810.5   0.158E-01
    162946.0   0.416E-06
     6     1
    175121.1   0.273E+00
     7     4
     36391.8   0.104E-01
     36391.8   0.531E-01
     36391.8   0.209E-01
     36391.8   0.106E+00
     9     4
     36091.6   0.228E-01
     36091.6   0.500E-01
     36091.6   0.343E-01
     36091.6   0.749E-01
     6    47   184
     1     1
    395650.6   0.399E-02
     2     1
    334468.3   0.504E-02
     3     3
    291489.6   0.460E-02
    307762.7   0.331E-01
    322879.0   0.296E-01
     4     3
    252953.1   0.239E+00
    274712.9   0.871E-01
    287098.3   0.246E-01
     5     2
    242896.9   0.206E+00
    266452.8   0.114E+00
     6     4
    213130.7   0.378E+00
    226908.0   0.218E-01
    233662.8   0.187E+00
    243155.0   0.150E+00
     8     1
    148480.3   0.244E-02
    11     4
    118478.3   0.266E-01
    140864.2   0.117E+00
    144130.0   0.190E-01
    156699.6   0.131E+00
    12     4
    112290.1   0.362E-01
    119167.7   0.859E-02
    139474.8   0.518E-01
    150233.6   0.387E-01
    13     6
     78609.1   0.764E-02
     79412.9   0.188E-02
     81351.0   0.199E-02
     85009.3   0.490E-03
     99214.4   0.219E-02
    102843.5   0.145E-01
    14     1
     79035.8   0.134E-02
    15     2
     83835.3   0.558E-02
     85911.4   0.874E-02
    16     1
     83929.1   0.213E-02
    17     3
     69072.6   0.470E-01
     69865.3   0.145E-01
     71867.0   0.199E-02
    18     2
     75930.3   0.442E-01
     89456.1   0.171E+00
    19     5
     66258.6   0.232E+00
     67054.6   0.246E+00
     67724.1   0.759E+00
     69327.8   0.276E+00
     70315.7   0.209E+00
    20     7
     66169.4   0.189E+00
     67654.5   0.723E-01
     69278.7   0.252E+00
     70392.4   0.131E-01
     71208.2   0.870E-01
     88801.0   0.129E-01
     92391.8   0.176E-01
    21     2
     68463.8   0.402E+00
     70293.5   0.123E+00
    22     6
     71139.6   0.141E-02
     73215.7   0.377E-02
     86804.0   0.518E-02
     88021.4   0.147E-02
     92717.1   0.182E-02
    101894.6   0.317E-02
    23     8
     64576.1   0.264E-01
     66047.8   0.676E-01
     67653.6   0.317E-01
     85050.4   0.598E-02
     86593.9   0.931E-02
     87444.7   0.469E-02
     90281.8   0.366E-01
    102707.1   0.803E-02
    24     2
     64560.5   0.128E+00
     71438.1   0.706E-01
    25     5
     61214.7   0.287E-01
     64455.9   0.239E-01
     80896.0   0.696E-02
     83599.2   0.145E-01
     86862.5   0.187E-02
    26     9
     57953.4   0.254E+00
     58768.0   0.816E-01
     61041.5   0.302E+00
     62020.6   0.697E-01
     78445.5   0.415E-01
     81109.6   0.994E-01
     84087.6   0.790E-01
     93278.4   0.325E-01
     96422.2   0.205E-01
    27     3
     58474.5   0.137E+01
     61150.3   0.167E+00
     81246.1   0.236E+00
    28     3
     55654.8   0.448E+00
     76058.3   0.967E-01
     82614.6   0.109E+00
    29     7
     54749.3   0.845E+00
     56221.1   0.256E-01
     57892.9   0.165E-01
     58984.7   0.130E+01
     59818.6   0.337E-01
     77371.8   0.573E-01
     80717.3   0.176E+00
    30     7
     50005.8   0.615E-02
     50526.4   0.112E+01
     51989.9   0.161E+00
     53616.4   0.159E+01
     55547.5   0.190E+00
     76336.6   0.408E+00
     77246.0   0.612E-01
    31     3
     57136.3   0.124E-02
     70913.6   0.238E-01
     77668.4   0.108E-02
    32     2
     48558.3   0.148E-01
     68221.9   0.106E+01
    33     7
     46746.3   0.352E-01
     49566.5   0.524E+00
     53098.6   0.647E+00
     67439.0   0.313E-01
     71009.1   0.102E+00
     71985.6   0.873E-01
     74801.4   0.217E+00
    34     5
     49794.9   0.235E-01
     51624.6   0.753E+00
     52470.7   0.157E-01
     72566.5   0.321E+00
     73439.9   0.423E-01
    35     3
     50583.6   0.992E-02
     66248.0   0.287E-01
     67465.4   0.347E-01
    36     7
     42634.0   0.126E-01
     45435.3   0.151E+00
     48983.2   0.187E+00
     63431.4   0.697E-01
     66885.4   0.122E+00
     67871.3   0.801E-01
     70686.1   0.674E-01
    37     3
     50555.2   0.333E-01
     71087.3   0.778E-02
     78613.6   0.479E-01
    38     5
     63428.4   0.120E-01
     64186.4   0.164E+00
     65283.2   0.723E+00
     67558.8   0.604E+00
     68287.1   0.426E+00
    39     2
     67835.5   0.257E+00
     68167.6   0.103E+00
    40     3
     64678.2   0.251E+00
     67785.1   0.273E+00
     68166.7   0.105E+00
    41     3
     62266.7   0.192E-01
     63024.7   0.170E-02
     69299.4   0.562E-01
    42     5
     47128.9   0.357E+00
     49205.0   0.786E-02
     68706.4   0.554E-01
     77883.9   0.698E-02
     79152.8   0.106E-01
    43     5
     40969.6   0.118E+00
     45245.6   0.188E+00
     63663.6   0.365E+00
     67029.2   0.972E+00
     67759.8   0.430E+00
    44     6
     42305.8   0.110E-01
     44135.5   0.272E+00
     44981.6   0.131E-02
     60646.0   0.505E-02
     65077.4   0.388E-02
     65950.8   0.817E-01
    45     3
     44728.8   0.408E+00
     65260.9   0.103E+00
     72787.2   0.175E+00
    46     1
     68119.0   0.163E+00
    47     6
     29819.7   0.107E-01
     32617.1   0.797E-02
     36167.1   0.685E-02
     64380.8   0.286E+00
     64968.3   0.202E+00
     67947.0   0.659E+00
    48     6
     36731.9   0.822E-01
     38808.0   0.533E-02
     52396.3   0.639E-02
     58309.4   0.720E-02
     67486.9   0.134E+00
     68755.8   0.134E+00
    49     4
     31242.2   0.998E-01
     65016.3   0.181E+01
     67852.1   0.260E+01
     68305.7   0.168E+01
    50     3
     52367.6   0.138E-01
     55868.0   0.173E-01
     67878.0   0.108E+01
    11    40   242
     1     1
    404353.2   0.138E-01
     2     3
    328503.5   0.205E+00
    351314.6   0.739E-01
    364013.0   0.260E-01
     3     6
    285577.9   0.143E+00
    295768.7   0.219E+00
    310902.4   0.128E+00
    323418.2   0.591E-01
    337507.5   0.268E-01
    347098.8   0.365E-01
     4     4
    258112.7   0.238E+00
    278024.9   0.366E+00
    289648.4   0.118E+00
    325083.3   0.630E-01
     5     9
    241855.9   0.268E-01
    250629.1   0.473E+00
    263154.3   0.285E+00
    268463.5   0.260E-01
    278654.5   0.853E-01
    287761.8   0.419E-01
    306501.2   0.197E+00
    332272.4   0.495E-01
    347400.9   0.311E-01
     6     3
    213846.7   0.183E+00
    223012.4   0.980E+00
    311516.2   0.340E+00
     7    10
    183883.5   0.158E-01
    201010.3   0.287E-01
    206975.6   0.921E-02
    217431.0   0.523E-01
    225300.1   0.401E-01
    243361.6   0.810E-01
    254245.0   0.200E+00
    265266.2   0.607E+00
    298054.7   0.167E+00
    315624.7   0.243E+00
     8     1
    167814.8   0.672E-02
     9    12
    158002.6   0.696E-02
    172272.9   0.105E-01
    179200.9   0.811E-02
    191013.8   0.557E-01
    197972.2   0.500E-01
    214125.3   0.167E+00
    228270.8   0.216E+00
    237091.5   0.355E+00
    242027.2   0.104E+00
    269562.6   0.126E+00
    281977.0   0.218E+00
    292653.2   0.168E+00
    10     4
    142725.7   0.844E-02
    146629.0   0.307E-01
    161488.5   0.735E-02
    174458.9   0.562E-02
    11     6
    117884.8   0.835E-02
    120525.2   0.916E-02
    128647.9   0.599E+00
    139927.2   0.165E+00
    143201.1   0.303E-01
    176135.7   0.116E-01
    12     2
    113035.5   0.244E+00
    118060.3   0.141E-01
    13     8
     95104.5   0.168E-01
    105457.3   0.185E+00
    109007.9   0.109E-01
    123238.3   0.439E+00
    125488.5   0.223E+00
    131174.1   0.165E-01
    145225.1   0.649E-01
    150245.3   0.390E+00
    14     2
    132610.0   0.235E-01
    136275.7   0.232E+00
    15    11
     74836.8   0.111E-02
     75958.8   0.230E-01
     79956.1   0.173E-02
     93702.8   0.484E-02
    101519.6   0.983E-02
    105236.1   0.419E-01
    109341.5   0.186E-02
    110587.8   0.112E-02
    113314.2   0.140E-02
    118031.4   0.147E-01
    124541.2   0.501E-02
    16     8
     74283.9   0.463E+00
     75553.6   0.910E-01
     91226.0   0.545E-01
     99207.2   0.179E+00
    104540.6   0.103E-01
    107363.8   0.252E-01
    110041.1   0.765E+00
    112795.7   0.214E+00
    17     8
     76706.3   0.317E-02
     90962.3   0.291E-01
     94513.0   0.135E-01
    108743.4   0.609E-01
    111022.2   0.450E-02
    130711.3   0.225E+00
    135006.6   0.305E+00
    136888.2   0.690E-01
    18     4
     72067.3   0.151E+00
     86836.2   0.262E-02
     95223.8   0.586E-01
    108060.2   0.334E+00
    19    10
     67955.1   0.291E+00
     68944.7   0.817E-01
     83606.9   0.344E-01
     91822.1   0.120E+00
     96698.8   0.295E-02
     99792.8   0.175E-01
    102423.2   0.173E+00
    104577.4   0.515E-01
    105549.4   0.500E-01
    112684.2   0.115E+00
    20     5
     97915.2   0.146E-01
    109452.4   0.457E-02
    125613.3   0.885E-02
    130731.0   0.376E+00
    138330.6   0.117E+00
    21     4
    128067.2   0.120E-01
    132188.6   0.228E+00
    135741.0   0.488E+00
    146207.5   0.121E+00
    22    12
     64103.5   0.567E-01
     66712.2   0.132E+00
     73946.5   0.101E-01
     75557.4   0.810E-02
     81871.9   0.259E-01
     89397.9   0.781E-01
     94656.3   0.224E-01
     97477.2   0.167E-01
    101486.5   0.560E-01
    106193.4   0.209E+00
    112682.7   0.448E-01
    116335.8   0.113E-01
    23     7
     62059.0   0.181E+00
     80107.4   0.294E-01
     83835.0   0.785E-01
     95747.8   0.855E-01
    106634.6   0.215E+00
    110304.7   0.812E-02
    143378.2   0.272E+00
    24     8
     56692.1   0.488E-01
     57829.4   0.714E+00
     58122.0   0.137E-02
     74998.9   0.346E-02
     80530.6   0.153E+00
     92618.0   0.460E-01
    111388.9   0.235E+00
    115155.0   0.102E+00
    25     9
     54158.0   0.757E+01
     55513.4   0.963E+00
     67810.1   0.724E-01
     73728.6   0.191E-01
     77121.6   0.207E+01
     78062.6   0.158E+00
     89637.3   0.194E+00
    108856.5   0.190E+01
    112628.1   0.205E+00
    26     8
     55405.0   0.579E-02
     69205.0   0.369E-03
     73453.4   0.147E-02
     77181.0   0.288E-02
     89093.8   0.296E-02
     99980.6   0.673E-02
    125876.9   0.751E-02
    136724.2   0.481E-01
    27    11
     52416.4   0.129E+01
     53810.7   0.167E+00
     68110.8   0.132E-01
     75494.7   0.158E+00
     76532.4   0.270E-01
     88166.4   0.479E-01
    109968.1   0.200E+00
    113777.9   0.310E+00
    120735.4   0.857E-01
    124128.3   0.807E-01
    132176.8   0.848E-01
    28     8
     50770.1   0.518E-02
     52100.4   0.992E+00
     64430.8   0.243E-02
     69656.5   0.685E-02
     73555.1   0.678E-01
     74617.7   0.160E+00
     86640.7   0.396E-01
    109181.3   0.343E+00
    29     5
     50251.0   0.104E-02
     68057.7   0.153E-02
     82895.9   0.270E-02
    130875.3   0.259E+00
    134739.2   0.100E+00
    30    11
     47161.2   0.989E-01
     48354.8   0.136E+01
     48609.0   0.338E-02
     66415.6   0.270E-01
     71277.4   0.200E+00
     81253.9   0.154E-01
     83346.8   0.818E-01
    108554.9   0.232E+00
    115489.6   0.267E-01
    118882.5   0.132E+00
    126931.0   0.563E-01
    31     2
     53020.8   0.398E-02
    136458.8   0.545E+00
    32     9
     45665.4   0.328E+00
     49585.3   0.106E-02
     60014.1   0.675E-03
     65401.0   0.298E-02
     68381.2   0.399E-01
     80206.0   0.184E-01
    101804.8   0.189E-01
    115962.8   0.118E+00
    124508.0   0.516E-02
    33     3
     45479.2   0.420E-02
    123745.6   0.569E-01
    137083.8   0.667E+00
    34     1
    136272.4   0.670E+01
    35     7
     40553.6   0.156E-01
     44456.9   0.746E-02
     58360.3   0.318E-02
     73198.5   0.438E-02
    110814.8   0.345E-02
    138040.8   0.705E-01
    141593.0   0.702E+00
    36     1
    136202.8   0.238E+00
    37    11
     38870.8   0.366E-01
     52756.6   0.242E-01
     54686.4   0.998E-02
     66700.7   0.157E-01
     67592.7   0.416E-01
     69250.1   0.331E-01
     74937.5   0.163E+00
     88972.5   0.524E-02
     93273.3   0.741E-02
    111758.0   0.791E-01
    128277.8   0.228E-01
    38     3
     40438.5   0.335E-01
     52634.9   0.331E-02
    136335.2   0.541E+00
    39     3
    111305.4   0.117E-01
    125912.3   0.179E-01
    136552.5   0.545E+00
    40     2
     39752.7   0.123E-01
    136263.3   0.224E+01
    12    43    81
     2     1
    564877.4   0.597E-01
     3     1
    513177.4   0.210E-01
     4     2
    462139.2   0.340E+00
    480562.5   0.284E-01
     5     1
    455099.6   0.943E-01
     6     1
    397137.7   0.331E-01
    11     1
    214618.4   0.948E-01
    12     1
    209217.6   0.378E-01
    13     2
    164943.5   0.211E+00
    169677.2   0.921E-01
    14     3
    156816.0   0.216E-01
    163696.4   0.336E-01
    181427.7   0.337E-01
    15     1
    155579.2   0.285E-01
    16     3
    149588.4   0.147E-01
    151925.8   0.782E-01
    174391.0   0.218E-01
    17     2
    147062.1   0.577E-01
    168742.2   0.162E-01
    18     1
    144583.3   0.937E-01
    19     3
    134144.9   0.544E-02
    142065.0   0.108E-01
    162260.8   0.851E-02
    20     3
    130962.7   0.110E-02
    139368.8   0.338E+00
    161262.3   0.124E+00
    21     2
    140210.6   0.586E-01
    143039.1   0.122E+00
    22     2
    136755.7   0.470E-01
    140581.4   0.157E+00
    23     1
    135548.4   0.102E-01
    25     1
    132861.1   0.255E+00
    26     1
    132229.8   0.533E-01
    27     4
    122817.4   0.346E-01
    129697.8   0.159E-01
    132884.1   0.422E-01
    147429.1   0.612E-01
    29     3
    118804.8   0.513E-02
    123291.9   0.567E-02
    127710.4   0.151E+00
    30     1
    121819.3   0.152E-01
    31     3
    112977.1   0.216E-02
    120897.2   0.274E-01
    141093.0   0.253E-01
    32     1
    121993.1   0.571E-01
    33     3
    111234.8   0.733E-02
    118115.2   0.278E-01
    121592.3   0.153E+00
    34     1
    115436.5   0.124E-01
    35     1
     81657.3   0.582E-01
    36     1
     79714.0   0.435E-03
    37     2
     80385.3   0.275E+00
     85153.1   0.250E+00
    38     3
     79612.7   0.188E-01
     86493.1   0.131E-01
     89970.2   0.544E-02
    39     2
     81626.2   0.266E+01
     83727.5   0.193E+01
    40     1
     82162.7   0.321E+00
    41     1
     84318.6   0.293E+00
    42     2
     84313.2   0.214E+01
     84765.9   0.286E+00
    43     2
     83625.9   0.473E+01
     84663.6   0.170E+01
    44     3
     81730.0   0.589E-02
     82877.3   0.709E-01
     84160.5   0.106E+00
    45     1
     81326.0   0.296E+00
    46     2
     57374.8   0.879E-03
     80499.7   0.514E-03
    47     3
     80695.6   0.534E-01
     81650.2   0.323E-01
     84692.3   0.133E-01
    48     4
     56595.0   0.126E-02
     63475.4   0.312E-02
     80419.3   0.382E-01
     82033.8   0.379E-01
    49     2
     81178.8   0.137E+00
     83929.7   0.925E-01
    50     2
     62997.8   0.129E+00
     84331.3   0.142E+01
    15    16    64
     1     8
    113802.0   0.893E-01
    122509.3   0.695E-02
    124167.9   0.107E-01
    126206.1   0.520E-01
    129684.0   0.357E-01
    132852.8   0.109E+00
    134471.7   0.888E-01
    137820.7   0.152E-01
     2     8
    100050.3   0.411E-01
    106929.8   0.161E-01
    108455.1   0.430E-01
    113665.6   0.303E-01
    117045.4   0.246E-01
    118541.1   0.202E-01
    120485.1   0.804E-02
    122132.1   0.895E-02
     3     5
     82125.6   0.134E+00
     90481.4   0.543E-02
    102560.4   0.188E-01
    104188.4   0.647E-01
    109270.9   0.426E-01
     5     4
     41755.0   0.195E-01
     50390.0   0.287E-02
     56305.0   0.312E-02
     57455.0   0.924E-02
     7     4
     34694.9   0.101E-01
     35632.7   0.119E-02
     44995.2   0.164E-02
     45776.5   0.161E+00
     9     2
     22325.0   0.833E-02
     30960.0   0.757E-03
    11     2
     16238.8   0.914E-03
     21061.5   0.785E-02
    13     4
     23615.7   0.455E-02
     23674.2   0.120E-02
     24574.4   0.392E-02
     34724.7   0.400E-01
    14     8
     12053.0   0.200E-01
     12145.5   0.801E+00
     12159.4   0.740E+00
     12578.1   0.223E+01
     17399.7   0.593E+00
     17424.6   0.518E+00
     26029.7   0.639E-01
     33101.6   0.553E-01
    16     1
     16138.0   0.500E-02
    17     9
     10542.4   0.574E-01
     10636.3   0.404E-02
     11334.2   0.152E+00
     13969.1   0.111E+00
     25223.0   0.979E-02
     25932.9   0.127E-01
     28338.0   0.139E-02
     30968.0   0.219E-02
     31088.0   0.475E-02
    23     4
     19426.8   0.126E-02
     19485.3   0.334E-03
     20393.7   0.232E-03
     30534.4   0.369E-02
    25     1
     13379.8   0.476E-02
    33     2
     17443.5   0.265E-03
     18352.0   0.214E-03
    35     1
     11927.1   0.594E-02
    44     1
     16355.5   0.108E-02
    16    45   311
     1     3
    306274.2   0.267E-01
    322957.7   0.299E-01
    330545.5   0.241E-01
     2     5
    261555.8   0.687E-01
    267483.2   0.627E-02
    306705.3   0.253E-01
    316549.4   0.370E-02
    346093.8   0.218E-01
     3     5
    248211.5   0.855E-01
    253956.9   0.878E-02
    264035.6   0.214E-01
    270153.8   0.114E-02
    315393.3   0.224E-01
     4    10
    172091.7   0.163E+00
    180524.6   0.132E-01
    189722.7   0.818E-01
    193873.0   0.933E-01
    197245.5   0.426E-02
    204102.5   0.516E-01
    210097.5   0.112E+00
    237827.6   0.229E+00
    243358.0   0.173E-01
    256994.4   0.118E+00
     5    11
    117672.4   0.243E-02
    122952.1   0.101E-01
    127670.4   0.148E-01
    131811.8   0.107E-02
    139209.7   0.802E-03
    144803.5   0.889E-03
    153864.2   0.984E-01
    165594.2   0.146E+00
    193260.5   0.258E+00
    199225.5   0.122E+00
    212356.8   0.670E-01
     6     5
    106693.9   0.317E-02
    115140.3   0.143E-02
    124309.3   0.198E+00
    144087.1   0.236E+00
    146695.7   0.197E-02
     7     7
     94685.8   0.832E-02
    100047.0   0.352E-02
    104071.3   0.235E-02
    108854.7   0.165E-02
    130847.6   0.112E+00
    142640.0   0.737E-01
    151459.6   0.117E+00
     8    11
     87953.8   0.218E-02
     90272.6   0.682E-03
     93398.7   0.403E-02
     97425.9   0.657E-03
     98782.1   0.301E-02
    102091.8   0.112E-02
    109491.1   0.131E-01
    113611.0   0.312E-01
    135908.0   0.469E-02
    144727.6   0.134E+00
    168426.6   0.231E-01
     9     2
    128771.3   0.299E+00
    150700.5   0.161E+00
    10     5
    122432.7   0.112E+00
    123674.0   0.802E-01
    134759.7   0.139E-02
    143437.8   0.143E+00
    150001.8   0.565E-01
    11    10
     80506.4   0.271E-03
     81883.3   0.180E-03
     84663.8   0.245E-02
     86037.7   0.158E-02
    111510.0   0.147E-02
    112884.6   0.926E-03
    123179.2   0.869E-03
    124740.2   0.542E-03
    132779.3   0.191E-02
    151625.9   0.472E-02
    12     6
    120623.9   0.119E+00
    122076.4   0.241E-01
    133616.7   0.766E-01
    141519.4   0.190E+00
    143310.8   0.190E-01
    148813.1   0.328E-01
    13    10
     73771.7   0.420E-02
     74122.9   0.358E-03
     75313.6   0.354E-02
     79219.4   0.815E-03
     82688.0   0.251E-01
    122687.2   0.144E+00
    131750.9   0.114E-01
    143064.3   0.401E-01
    146060.5   0.169E+00
    164216.2   0.657E-02
    14     6
     94112.3   0.274E-01
    107261.2   0.171E-01
    114330.4   0.290E-01
    118383.6   0.480E-01
    129468.2   0.461E-01
    144663.8   0.196E+00
    15     7
     70959.9   0.145E-02
    107206.3   0.356E-01
    118940.6   0.204E+00
    127760.2   0.270E-01
    145663.1   0.149E+00
    151459.2   0.347E-01
    164714.1   0.119E+00
    16    14
     71399.3   0.480E-02
     71924.9   0.119E-02
     72731.4   0.215E-02
     76914.8   0.262E-02
     77569.5   0.128E-02
     80096.7   0.166E-01
     80741.1   0.378E-02
     87527.0   0.131E-02
     96421.9   0.663E-02
    118513.9   0.148E-01
    129163.1   0.169E+00
    140443.1   0.611E-01
    143464.1   0.466E-01
    151851.7   0.708E-01
    17     4
     61813.2   0.587E-02
     64131.9   0.285E-02
     67260.7   0.482E-03
     75952.6   0.501E-02
    18     5
     58199.8   0.105E-01
     62112.6   0.126E-02
     62962.6   0.281E-02
     65549.3   0.436E-02
     81886.4   0.995E-03
    19    13
     55235.4   0.699E-02
     55546.1   0.292E-02
     56970.0   0.592E-02
     60932.6   0.518E-02
     61922.8   0.211E-02
     64314.1   0.337E-02
    102756.1   0.486E-02
    104382.5   0.437E-01
    113410.9   0.274E-02
    124685.3   0.409E-02
    127720.5   0.108E-01
    141701.3   0.622E-02
    145876.1   0.139E-01
    20     2
    124894.1   0.185E+00
    145241.5   0.194E+00
    21     4
     59504.2   0.104E-02
    124062.9   0.525E-01
    125849.6   0.668E-01
    144346.4   0.114E+00
    22    11
     53095.5   0.346E-02
     54419.8   0.278E-02
     58537.0   0.268E-02
     59011.9   0.315E-03
     59376.8   0.813E-03
     61813.5   0.313E-02
    110864.9   0.559E-02
    122139.3   0.794E-02
    125174.5   0.745E-02
    138742.4   0.223E-02
    143330.2   0.117E-01
    23     4
     59307.4   0.565E-03
    123786.2   0.474E+00
    125633.6   0.685E-01
    143799.4   0.693E+00
    24     4
     52835.0   0.841E-03
    124431.3   0.121E+00
    126406.9   0.469E-01
    145143.7   0.197E+00
    25    10
     50177.1   0.486E-02
     55562.4   0.192E-03
     86387.9   0.160E-01
     98131.4   0.127E-01
    106918.1   0.546E-03
    123730.3   0.684E-02
    125715.2   0.452E-01
    130650.0   0.129E+00
    132817.5   0.102E-01
    144226.4   0.420E-01
    26     7
     49240.9   0.113E-02
     85453.7   0.169E-02
     97122.9   0.987E-03
    105959.4   0.926E-03
    124780.3   0.141E+00
    129695.6   0.233E-01
    143522.5   0.105E+00
    27     6
     53333.1   0.114E-02
     61748.4   0.346E-02
     70961.6   0.226E-02
     78414.6   0.114E-02
     87049.9   0.545E-03
    124566.3   0.192E+00
    28    11
     43147.9   0.359E-02
     43335.4   0.175E-02
     48431.1   0.153E-02
     48686.6   0.108E-02
     52568.2   0.131E-02
     79433.5   0.165E-02
     91195.9   0.911E-02
    100038.7   0.442E-02
    123741.4   0.132E-01
    125850.5   0.147E+00
    136944.5   0.399E-02
    29     4
     57450.6   0.153E-01
     73133.7   0.102E-02
     80913.8   0.646E-02
     85085.2   0.235E-01
    30     3
     95601.1   0.613E-01
    110796.7   0.436E-01
    128512.5   0.114E+00
    31     4
     48354.7   0.541E-03
     49172.9   0.207E-03
     57576.3   0.383E-03
    124280.6   0.583E+00
    32     3
    123858.1   0.726E-01
    125193.8   0.324E-02
    128217.9   0.334E-01
    33    14
     37007.5   0.142E-01
     37273.9   0.205E-01
     37483.9   0.103E-01
     37635.8   0.176E-02
     38745.7   0.131E-02
     38921.8   0.827E-03
     42741.9   0.107E-01
     42976.5   0.411E-02
     46120.9   0.519E-01
     46333.7   0.133E-01
     86237.8   0.216E-01
     95271.1   0.112E-01
    123532.7   0.376E+00
    127736.4   0.236E-01
    34     1
    122383.2   0.331E-01
    35    13
     37192.2   0.812E-03
     42634.6   0.777E-03
     42806.7   0.203E-03
     45652.8   0.494E-02
     45893.7   0.267E-02
     46471.0   0.250E-02
     53256.8   0.431E-03
     54874.4   0.402E-02
     58809.2   0.627E-03
     59752.0   0.113E-02
    106150.0   0.101E-02
    122290.9   0.980E-02
    127363.8   0.109E-01
    36    16
     35252.2   0.496E-02
     35395.6   0.352E-02
     35873.5   0.151E-02
     40771.2   0.379E-02
     41069.9   0.980E-03
     41264.3   0.138E-02
     43871.5   0.360E-02
     44099.3   0.798E-02
     44689.7   0.627E-03
     51475.5   0.178E-02
     57027.9   0.846E-03
     60370.5   0.217E-02
    104391.7   0.118E-02
    107426.9   0.550E-02
    120994.8   0.924E-02
    125583.4   0.433E-01
    37     6
     34499.3   0.336E+00
     34623.6   0.822E-02
     37598.0   0.589E-02
     39931.3   0.116E+00
     41742.3   0.264E-02
     43188.0   0.432E-01
    38     6
     33112.2   0.187E-01
     33286.5   0.146E+00
     36179.1   0.195E-02
     38576.4   0.583E-01
     40320.8   0.114E-02
     41821.0   0.253E-01
    39    13
     30617.0   0.216E-02
     32680.5   0.106E+00
     32798.9   0.454E-01
     32936.1   0.535E-02
     35773.3   0.168E-02
     36063.1   0.340E-02
     38127.4   0.550E-01
     38238.7   0.186E-02
     39268.7   0.556E-03
     39881.9   0.111E-02
     40087.3   0.235E-02
     41394.8   0.268E-01
     66808.8   0.179E-02
    40     8
     29874.8   0.155E-02
     32055.8   0.948E-01
     32192.2   0.495E-01
     35062.7   0.176E-03
     35318.4   0.315E-02
     37462.2   0.527E-01
     39343.8   0.124E-02
     40680.9   0.272E-01
    41     1
    124834.3   0.127E+00
    42     3
     37158.2   0.214E-03
    121143.4   0.811E-02
    124392.4   0.143E-01
    43     1
     36909.9   0.242E-02
    44    10
     28377.6   0.316E-03
     28496.9   0.481E-03
     30564.6   0.286E-02
     30687.6   0.829E-02
     30810.5   0.352E-02
     35993.0   0.391E-02
     36113.5   0.117E-02
     39214.6   0.227E-02
     39320.1   0.739E-03
     64629.1   0.130E-02
    45     7
     30255.3   0.202E-02
     30419.2   0.170E-02
     35666.2   0.746E-03
     35830.1   0.624E-03
     38931.5   0.401E-03
     39095.4   0.329E-03
     64472.8   0.655E-03
    17    50   342
     1     3
    448838.4   0.623E-02
    480732.3   0.285E-01
    503132.3   0.277E-02
     2     1
    485910.2   0.444E-01
     3     2
    429235.2   0.683E-01
    467574.8   0.338E-02
     4     3
    389743.8   0.249E+00
    417511.4   0.615E-01
    475374.1   0.214E-01
     5     6
    332998.4   0.579E+00
    358235.1   0.115E+00
    377058.3   0.106E-01
    400589.0   0.206E+00
    422789.4   0.295E-01
    449674.5   0.242E-01
     6     7
    310619.2   0.316E+00
    333741.3   0.209E+00
    341080.7   0.447E-01
    356533.0   0.214E+00
    380749.9   0.158E+00
    403249.4   0.786E-01
    433178.0   0.133E-01
     7     6
    284431.1   0.563E+00
    315340.8   0.723E-02
    336416.0   0.600E+00
    352608.1   0.158E+00
    377112.5   0.434E-01
    389872.0   0.206E+00
     8     5
    255105.6   0.180E+00
    285391.7   0.114E-01
    326053.7   0.987E+00
    352349.4   0.118E+00
    379619.6   0.274E+00
     9     7
    262439.0   0.382E+00
    272171.6   0.611E-01
    291933.0   0.151E+00
    311948.9   0.330E+00
    323025.8   0.344E+00
    337940.1   0.195E+00
    366914.2   0.244E+00
    10     3
    186267.9   0.357E+00
    205921.9   0.220E-01
    215633.4   0.174E-02
    11     5
    196251.4   0.399E+00
    201603.6   0.863E-02
    209552.1   0.118E-01
    230552.3   0.363E-02
    251023.9   0.108E-01
    12    10
    164483.0   0.325E-01
    168396.0   0.239E-01
    194186.2   0.533E-01
    198861.4   0.161E-01
    209118.3   0.135E-01
    213571.3   0.139E+00
    248072.8   0.116E+00
    264747.8   0.247E+00
    279747.0   0.242E-02
    294353.3   0.868E+00
    13     5
    181462.6   0.363E-01
    190690.3   0.574E-01
    208330.4   0.183E-01
    213395.6   0.557E-02
    223755.1   0.162E-01
    14     6
    154362.4   0.896E-03
    177215.5   0.118E+00
    184355.5   0.198E-01
    195035.1   0.295E+00
    199060.8   0.761E-01
    216666.4   0.370E-02
    15     4
    150838.5   0.125E+00
    173611.9   0.140E-01
    181352.1   0.154E-01
    195462.4   0.392E+00
    16     8
    174126.9   0.957E-03
    200994.7   0.106E-01
    206059.9   0.150E-01
    212251.7   0.516E-01
    222809.5   0.431E-02
    239994.8   0.184E-01
    245347.6   0.383E-02
    261568.6   0.529E-01
    17     8
    148074.3   0.707E-03
    170832.8   0.101E+00
    177530.9   0.260E-01
    188668.3   0.318E+00
    192681.3   0.204E+00
    197176.2   0.241E+00
    210592.6   0.485E-02
    231677.7   0.861E-02
    18     7
    165834.8   0.678E-01
    192702.6   0.214E+00
    197767.8   0.551E-01
    205673.6   0.643E-01
    210581.1   0.723E-01
    215284.5   0.248E-02
    231031.1   0.376E-02
    19     5
    158618.1   0.270E+00
    190551.1   0.223E+00
    203364.4   0.198E+00
    208892.2   0.234E-02
    226380.1   0.147E-01
    20    10
    125609.9   0.101E-01
    129284.1   0.163E+00
    142773.1   0.571E-03
    150829.4   0.757E-03
    158384.9   0.124E-02
    172486.9   0.946E-02
    175811.6   0.987E-01
    179168.7   0.660E-03
    194149.9   0.294E+00
    198706.9   0.151E+00
    21    10
    129098.7   0.414E-02
    142502.3   0.967E-01
    149949.2   0.126E+00
    176053.4   0.171E-01
    178897.9   0.858E-01
    194046.0   0.151E+00
    198573.4   0.833E-01
    205386.2   0.198E+00
    210311.9   0.871E-02
    218931.1   0.887E-02
    22    10
    122891.4   0.228E-01
    126582.1   0.144E+00
    144807.9   0.158E-01
    147384.1   0.546E-02
    155400.9   0.481E-02
    169819.6   0.145E-01
    173142.9   0.658E-01
    191476.8   0.198E+00
    197198.5   0.260E+00
    216056.8   0.328E-02
    23     9
    121206.2   0.280E-02
    124316.3   0.421E-01
    142523.6   0.821E-01
    145032.0   0.487E-01
    153256.2   0.208E-02
    167554.5   0.152E-01
    170889.1   0.863E-01
    190501.2   0.118E-01
    195025.2   0.437E+00
    24     7
    135416.9   0.236E-01
    137755.3   0.118E+00
    143473.2   0.225E-02
    170573.7   0.693E-01
    185770.3   0.549E-01
    198300.8   0.418E+00
    203226.5   0.438E-01
    25     6
    141906.0   0.123E+00
    149854.5   0.342E-01
    169615.9   0.120E+00
    186149.0   0.658E-01
    191352.8   0.501E-01
    200708.7   0.317E+00
    26     2
    113324.8   0.260E-03
    173027.8   0.152E+00
    27     6
    129114.6   0.563E-02
    161047.6   0.203E-02
    173860.9   0.237E-02
    179388.7   0.163E-02
    195459.3   0.189E-02
    201201.5   0.162E-02
    28    13
     98254.1   0.307E-03
    102129.4   0.336E-02
    121010.4   0.128E-01
    127316.1   0.333E-01
    128753.6   0.923E-02
    132622.0   0.595E-03
    138871.4   0.185E-01
    142859.0   0.160E-01
    147358.5   0.325E-02
    159786.3   0.420E-02
    181860.0   0.161E+00
    190968.1   0.639E-02
    214066.2   0.303E-01
    29     7
     97444.7   0.369E-03
    117732.4   0.318E-01
    140142.1   0.154E+01
    143495.0   0.216E+00
    163652.7   0.669E-01
    173796.1   0.815E+00
    196903.4   0.392E+01
    30     6
    110663.8   0.163E-02
    142487.2   0.109E+00
    144964.7   0.275E-01
    165409.8   0.717E-02
    174699.6   0.784E-01
    196611.5   0.444E+00
    31     5
     87517.5   0.270E-01
     90367.4   0.987E-03
    111373.7   0.377E-01
    119183.6   0.442E-02
    183226.8   0.724E-01
    32    10
    133561.9   0.345E-02
    138627.1   0.292E-02
    141632.3   0.461E-03
    146369.0   0.164E-01
    151440.4   0.402E-02
    174456.1   0.128E-01
    178781.0   0.508E-03
    195076.5   0.204E-01
    198680.6   0.692E-03
    204811.2   0.246E-01
    33     6
     82693.4   0.105E+00
     84013.8   0.140E-01
     84667.2   0.184E-02
    105538.2   0.422E-01
    115908.8   0.301E-01
    170047.6   0.295E+00
    34     6
    140708.8   0.745E+00
    143538.4   0.174E+00
    145553.9   0.610E-02
    174535.4   0.507E+00
    182064.3   0.134E+00
    197610.0   0.203E+01
    35     5
    103240.9   0.746E-03
    125111.4   0.214E-03
    144060.1   0.421E-01
    173152.9   0.143E-01
    195878.6   0.843E-01
    36     5
     81096.8   0.310E+00
     81684.8   0.332E-01
    102578.3   0.103E+00
    113188.9   0.102E+00
    167089.8   0.950E+00
    37    12
     77964.0   0.154E-01
     81879.4   0.450E-02
    100782.5   0.175E-02
    106270.1   0.135E-01
    108038.5   0.113E+00
    139491.0   0.205E+00
    141492.6   0.748E-01
    161584.5   0.102E-01
    170669.1   0.132E+00
    178234.1   0.115E-01
    193685.8   0.484E+00
    198248.6   0.264E+00
    38     9
    101518.7   0.502E-03
    128386.5   0.499E-02
    137929.5   0.912E-01
    141357.5   0.348E-02
    146265.0   0.296E-02
    166715.0   0.204E-02
    170698.1   0.433E-01
    188960.4   0.194E-01
    199635.8   0.234E+00
    39    11
     75416.6   0.347E-01
     76052.2   0.188E-01
     78946.5   0.367E-01
     79484.1   0.178E-01
    100036.1   0.230E-01
    108204.0   0.455E-01
    108839.7   0.112E-02
    143829.6   0.235E-01
    171847.7   0.161E+00
    176552.7   0.746E-02
    201622.1   0.297E-01
    40     8
     76282.6   0.330E-02
    140518.3   0.152E+00
    142325.0   0.840E-02
    145118.8   0.162E-02
    150930.5   0.709E-03
    174036.5   0.109E+00
    192881.4   0.714E-01
    197976.7   0.376E+00
    41     7
     94758.6   0.249E-01
    126691.6   0.544E-01
    139504.9   0.735E-01
    161103.3   0.343E-01
    163938.0   0.120E+00
    166845.5   0.515E-02
    193603.6   0.412E+00
    42    10
     89551.4   0.343E-02
     91646.1   0.323E-02
    123469.5   0.180E-02
    140404.0   0.839E-01
    145631.4   0.786E-01
    150629.5   0.312E-01
    166409.7   0.412E-02
    174477.2   0.914E-01
    197012.6   0.268E+00
    201681.5   0.136E+00
    43    15
     72345.6   0.214E-01
     75063.9   0.285E-01
     75761.9   0.104E-01
     93652.9   0.336E-02
     96169.9   0.170E-01
    104447.8   0.317E-01
    105114.0   0.281E-02
    122008.8   0.469E-02
    141576.3   0.101E+00
    144945.5   0.240E-02
    147415.4   0.244E-02
    152289.8   0.199E-02
    168072.4   0.774E-01
    172809.9   0.417E-01
    197512.1   0.206E+00
    44    12
     70529.8   0.298E-02
     71256.9   0.105E-01
     74395.5   0.711E-02
     74888.7   0.806E-03
     95378.1   0.188E-01
    103648.8   0.833E-02
    139090.6   0.222E+00
    140981.6   0.524E-01
    167209.1   0.259E-01
    171937.0   0.118E+00
    191123.5   0.546E-01
    196732.5   0.583E+00
    45     3
    140682.6   0.826E-01
    173589.3   0.398E-01
    197099.7   0.182E+00
    46     3
    140622.5   0.528E+00
    173538.5   0.263E+00
    196980.6   0.120E+01
    47    19
     68904.9   0.722E-03
     69660.3   0.614E-01
     70100.2   0.117E-02
     72742.2   0.210E-02
     73461.1   0.701E-03
     90482.9   0.382E-02
     91333.7   0.340E-04
     93861.8   0.701E-03
    101403.2   0.184E-01
    102725.7   0.125E-02
    119699.6   0.138E-02
    137866.0   0.904E-02
    139755.5   0.194E-01
    142575.8   0.791E-03
    149967.9   0.654E-03
    154992.4   0.428E-01
    165767.8   0.773E-02
    170503.8   0.112E-01
    195146.9   0.592E-01
    48     3
    140101.4   0.151E+00
    172946.9   0.951E-01
    196466.1   0.447E+00
    49     3
    139958.8   0.922E-01
    172731.8   0.561E-01
    196628.2   0.268E+00
    50     3
    140421.4   0.291E+00
    172701.4   0.134E+00
    196543.0   0.673E+00
    18    43   227
     1     1
    646908.7   0.109E+00
     2     1
    571866.7   0.315E+00
     3     3
    507989.6   0.283E+00
    535095.1   0.214E+00
    589595.5   0.417E-01
     4     3
    467554.4   0.131E+00
    492069.3   0.893E-01
    519950.5   0.134E+00
     5     4
    451858.4   0.166E+00
    485169.0   0.421E+00
    531997.7   0.174E+00
    541851.6   0.820E-01
     6     4
    403515.1   0.133E+01
    422757.0   0.815E-02
    491563.7   0.374E+00
    538083.3   0.121E+00
     7     5
    378601.7   0.219E+00
    398756.3   0.899E+00
    412512.6   0.120E+01
    487347.7   0.662E+00
    515976.3   0.174E+00
     8     7
    343106.6   0.389E+00
    363489.7   0.592E+00
    373197.3   0.104E+01
    390464.3   0.164E+00
    424537.0   0.310E+00
    445085.1   0.559E+00
    471381.7   0.326E+00
     9     1
    268925.0   0.123E-02
    11     2
    205333.8   0.173E-01
    216603.3   0.963E-02
    12     3
    189664.8   0.718E-01
    193046.8   0.773E-02
    214304.7   0.129E-01
    13     5
    176681.3   0.424E-01
    181506.1   0.111E-01
    193770.0   0.248E-01
    200392.5   0.217E-01
    209181.9   0.267E-01
    14     5
    159160.6   0.355E-02
    166171.8   0.110E+00
    169564.0   0.236E-01
    179259.7   0.180E-02
    189734.0   0.310E-01
    15     2
    165201.3   0.280E+00
    187509.0   0.518E-01
    16     3
    159943.3   0.756E-01
    175957.8   0.243E-02
    182272.9   0.233E-01
    17     3
    155375.2   0.272E+00
    171305.7   0.207E-01
    177715.1   0.143E+00
    18     6
    142082.2   0.126E-01
    149113.2   0.372E-01
    152544.4   0.179E+00
    163821.6   0.215E-01
    168687.6   0.714E-02
    174389.2   0.144E+00
    19     5
    146091.3   0.120E-02
    151572.3   0.594E-02
    160735.3   0.340E+00
    165659.7   0.129E+00
    173091.1   0.165E+00
    20     4
    133556.8   0.100E+00
    144503.1   0.111E+00
    158590.5   0.752E-02
    166021.9   0.183E+00
    21     5
    131941.1   0.509E+00
    136672.4   0.165E+00
    140819.2   0.604E+00
    143737.6   0.488E+00
    162389.8   0.216E+00
    22     5
    127487.0   0.158E+00
    129807.7   0.453E-01
    137961.2   0.150E+01
    140148.7   0.139E+00
    158134.3   0.324E+00
    23    10
    128506.5   0.667E-02
    130747.2   0.875E-02
    133130.3   0.486E-02
    135727.2   0.320E-02
    146735.5   0.534E-01
    153365.2   0.920E-01
    156735.5   0.358E+00
    160881.6   0.255E+00
    164385.5   0.444E+00
    181819.8   0.201E-01
    24    10
    126988.1   0.662E-01
    129138.8   0.127E-02
    130955.4   0.149E+00
    134197.3   0.182E-01
    138375.1   0.491E-02
    140574.9   0.459E+00
    150895.1   0.108E+00
    151874.2   0.349E-01
    159750.0   0.224E-01
    162002.4   0.349E+00
    25     8
    123466.2   0.110E-01
    125097.2   0.160E-01
    127827.6   0.247E-01
    133003.9   0.241E+00
    135796.2   0.108E+01
    138140.7   0.454E-02
    149381.8   0.249E-02
    154023.7   0.295E+00
    26     2
    157983.1   0.410E+00
    165617.3   0.849E+00
    27     8
    120519.4   0.876E-01
    125259.4   0.291E+00
    131563.9   0.236E+00
    132897.1   0.193E-02
    142134.9   0.128E+00
    147179.9   0.118E+00
    151971.8   0.151E+00
    169007.9   0.290E-01
    28     6
    123284.9   0.478E-02
    130449.3   0.644E-01
    137914.7   0.795E-02
    150351.9   0.721E-01
    165840.6   0.669E+00
    169910.9   0.330E+00
    29     9
    116467.7   0.490E-02
    118427.4   0.944E-01
    121491.5   0.113E+00
    132413.1   0.213E-01
    138766.7   0.439E+00
    142470.1   0.128E-01
    147089.6   0.328E+00
    149390.8   0.655E-02
    167540.3   0.960E-02
    30    12
    109813.3   0.578E-02
    114019.2   0.631E-01
    117039.6   0.105E-01
    128005.0   0.191E-01
    134590.3   0.305E+00
    138053.3   0.531E-01
    141429.2   0.103E+00
    144460.8   0.604E-01
    147128.3   0.738E-02
    163132.1   0.361E-01
    187629.0   0.202E-01
    191483.5   0.295E-01
    31     5
    107189.0   0.120E-01
    120380.1   0.442E-02
    138103.5   0.403E-02
    151799.3   0.295E-01
    166824.8   0.607E+00
    32     4
     83952.5   0.272E-02
    159519.4   0.300E+00
    162698.9   0.572E+00
    167443.5   0.361E+00
    33    15
     77530.7   0.351E+00
     84566.5   0.127E+00
     87206.7   0.339E-02
     88805.0   0.313E-01
     99237.2   0.973E-01
    104180.7   0.519E-01
    109340.7   0.819E-02
    110759.7   0.194E-01
    112397.4   0.454E-01
    121214.5   0.671E-01
    127564.9   0.368E+00
    130126.0   0.144E-01
    143838.4   0.297E+00
    169348.7   0.136E+00
    191426.6   0.409E-01
    34    13
     76624.1   0.643E-01
     82075.0   0.103E+00
     84723.7   0.111E-01
     96733.5   0.102E+00
    101657.9   0.702E-02
    108276.7   0.698E-02
    109902.0   0.992E-02
    118721.7   0.300E+00
    127643.0   0.135E+00
    141343.8   0.194E+00
    156380.6   0.557E-01
    167396.0   0.114E+00
    189344.9   0.413E-01
    35     1
    165069.2   0.127E+01
    36     6
    111049.6   0.809E-02
    130611.3   0.877E-01
    153837.9   0.957E-01
    157692.4   0.799E-01
    166494.5   0.762E+00
    171653.8   0.120E+00
    37     1
    164695.2   0.120E+01
    38     9
     71983.7   0.431E-02
     82868.6   0.233E-02
     92093.0   0.187E+00
     97017.4   0.169E-01
    105261.5   0.619E-01
    123002.5   0.160E+00
    136703.3   0.279E-01
    163543.9   0.464E-01
    178353.0   0.277E+00
    39     6
     61785.5   0.173E-01
     81894.8   0.805E-01
     95063.3   0.255E-01
    112804.3   0.605E-01
    153348.3   0.129E-01
    168154.8   0.370E+00
    40     5
    100049.6   0.860E-02
    143280.9   0.976E-02
    148968.1   0.108E-01
    165343.6   0.516E-01
    170733.0   0.116E+01
    41     8
     58603.4   0.136E+00
     59986.4   0.133E-01
     60378.0   0.391E-01
     60677.0   0.154E-01
     62949.9   0.272E-01
     84378.4   0.449E-01
     85011.5   0.612E-02
    136756.1   0.777E+00
    42     8
     71353.3   0.357E-02
     72845.5   0.588E-02
     80311.0   0.422E-02
     92748.2   0.149E-01
    112309.9   0.244E+00
    148751.3   0.107E+00
    153352.4   0.474E-01
    169979.8   0.911E+00
    43     3
     52079.0   0.395E-02
    100541.2   0.129E-01
    165366.5   0.124E+01
    44     1
    164590.4   0.119E+01
    19    19    24
     3     1
    777419.3   0.693E-01
     4     1
    727356.1   0.332E-01
     5     1
    711308.5   0.931E-01
     6     1
    651973.8   0.104E-01
    13     1
    282512.2   0.171E-01
    14     1
    271731.1   0.107E+00
    15     1
    268525.2   0.331E-01
    16     1
    262940.4   0.411E+00
    17     1
    257461.0   0.336E-01
    18     1
    249596.8   0.471E-01
    21     1
    239277.5   0.326E-02
    23     1
    228812.2   0.356E-02
    28     1
    204777.2   0.131E-02
    45     2
    117404.2   0.127E+00
    120664.6   0.148E-01
    46     1
    113059.0   0.948E-01
    47     2
    106850.7   0.252E-02
    110571.3   0.122E-01
    48     2
    104241.4   0.749E-01
    109440.9   0.460E+00
    49     2
    100678.1   0.776E-01
    106798.0   0.813E-02
    50     2
     99439.7   0.496E-03
    100676.6   0.156E-01
    28     2    14
     1     7
    330428.5   0.838E-02
    330461.9   0.811E-03
    331696.1   0.463E-04
    340502.2   0.617E-02
    329594.6   0.849E-02
    330862.2   0.332E-04
    339668.3   0.624E-02
     3     7
    134826.6   0.742E-09
    139529.8   0.136E-06
    144700.1   0.963E-11
    134292.9   0.261E-06
    138996.1   0.112E-05
    144166.4   0.495E-08
    138695.9   0.600E-06
    45     3    25
     1     9
     50468.2   0.137E+01
     52769.8   0.998E-01
     57272.9   0.509E+00
     57373.0   0.248E+00
     50334.8   0.131E+00
     50368.2   0.122E+01
     52603.1   0.876E-01
     57139.5   0.132E+00
     57239.6   0.646E+00
     2     4
     35291.1   0.453E-06
     35357.8   0.605E-05
     40094.4   0.319E-02
     40227.8   0.704E-02
     3    12
     31988.8   0.557E-01
     32055.5   0.279E+00
     36792.1   0.165E+00
     36925.5   0.901E-05
     31922.1   0.140E+00
     31988.8   0.444E-01
     32122.2   0.151E+00
     36725.4   0.441E-06
     36858.8   0.133E-06
     31888.7   0.101E+00
     32022.1   0.235E+00
     36758.8   0.305E-05
    46     3    14
     1     2
    152939.1   0.470E-08
    153206.0   0.112E-07
     2     9
    118148.4   0.733E-05
    119449.3   0.810E-03
    118081.7   0.139E-05
    119382.6   0.205E-03
    119449.3   0.574E-03
    117948.2   0.891E-07
    119215.8   0.102E-04
    119315.9   0.119E-03
    119449.3   0.613E-03
     3     3
     93664.8   0.742E-07
     94932.3   0.598E-06
     95032.4   0.675E-05
    49    17   238
    29     1
     62047.5   0.318E-02
    30     1
     62974.5   0.904E-03
    36     1
     63257.7   0.420E-01
    37     6
     26594.8   0.529E+00
     27635.0   0.133E-03
     37887.3   0.448E-03
     39956.9   0.218E-03
     59604.5   0.128E-01
     60543.6   0.277E-01
    38    26
      6792.6   0.357E-04
      7802.1   0.776E-02
      8310.0   0.168E-03
      8620.0   0.148E-03
      9702.0   0.129E-02
     18557.3   0.768E-03
     18867.3   0.406E-02
     20121.5   0.103E-02
     20629.4   0.394E-02
     20939.4   0.490E-02
     21444.3   0.225E-02
     21952.1   0.155E-02
     22870.0   0.136E-01
     39771.6   0.914E-04
     40708.3   0.345E-04
     41216.1   0.991E-04
     46109.1   0.263E-04
     47953.0   0.828E-01
     48503.9   0.653E-01
     48839.3   0.129E-01
     49464.1   0.617E-02
     50313.8   0.585E-02
     50963.5   0.259E-02
     51659.2   0.640E-02
     52149.7   0.111E+00
     52832.0   0.170E-01
    39    30
      5132.1   0.363E-02
      6470.5   0.345E-04
      7080.0   0.131E-03
      7480.0   0.471E-02
      8472.0   0.133E-02
     17327.3   0.121E-02
     17451.5   0.760E-03
     17727.3   0.763E-03
     18774.3   0.661E-03
     19399.4   0.295E-02
     19799.4   0.579E-04
     21122.1   0.170E-02
     37101.6   0.429E-04
     38038.3   0.210E-04
     39449.5   0.193E-03
     39986.1   0.646E-03
     40386.1   0.377E-03
     42494.1   0.234E-04
     43439.1   0.207E-04
     45002.7   0.163E-01
     45585.0   0.136E-03
     46375.5   0.125E-01
     46840.9   0.855E-02
     47303.9   0.856E-02
     47736.3   0.292E-02
     48389.5   0.155E-01
     49019.9   0.263E-01
     49746.4   0.314E-02
     50359.4   0.388E-01
     50865.5   0.567E-01
    40    13
      6521.4   0.150E-03
      7913.4   0.410E-03
     16768.6   0.538E-04
     17290.1   0.361E-03
     39427.5   0.468E-03
     44824.4   0.118E-03
     45512.6   0.250E-03
     45942.4   0.627E-04
     46553.8   0.398E-02
     47252.1   0.929E-02
     48300.4   0.803E-03
     48987.8   0.782E-02
     49644.9   0.928E-01
    41    23
      4729.4   0.102E-03
      6121.4   0.215E-03
      8156.9   0.287E-01
     14976.6   0.444E-03
     16201.1   0.339E-03
     17012.1   0.785E-04
     19084.2   0.625E-04
     20407.0   0.802E-03
     37635.5   0.957E-03
     38734.4   0.122E-03
     43032.4   0.160E-03
     44122.4   0.149E-02
     44849.6   0.219E-01
     45405.8   0.287E-01
     46285.4   0.365E+00
     46995.9   0.100E-01
     47802.0   0.580E-04
     48447.4   0.119E-01
     49323.6   0.293E-01
     49958.4   0.319E-01
     50413.6   0.738E-02
     53862.8   0.453E-04
     63899.1   0.131E+00
    42    20
      3444.0   0.375E-03
      3510.5   0.986E-03
      4520.0   0.203E-03
      4660.5   0.224E-03
      5912.0   0.266E-02
      7062.0   0.439E-01
     16839.4   0.356E-03
     37532.8   0.252E-01
     42928.5   0.628E-02
     43876.8   0.124E-01
     44778.6   0.235E-01
     46089.1   0.415E-02
     46846.8   0.270E-01
     47614.1   0.827E-02
     48244.9   0.122E-01
     48863.6   0.200E-01
     49318.8   0.879E-02
     51617.9   0.129E+00
     53048.1   0.869E-01
     63742.8   0.341E+00
    43    28
      2284.0   0.167E-03
      3360.0   0.682E-02
      4752.0   0.252E-02
      4950.5   0.572E-04
      5960.0   0.289E-01
     17002.1   0.300E-03
     19602.1   0.262E-03
     35329.5   0.367E-02
     36266.1   0.876E-02
     37929.5   0.221E-02
     38866.1   0.122E-02
     40722.0   0.373E-02
     41665.0   0.620E-02
     42685.8   0.377E-02
     43401.1   0.149E-01
     44332.1   0.293E-01
     45139.0   0.108E-02
     45942.9   0.459E-01
     46553.6   0.455E-01
     47002.9   0.345E-01
     47739.0   0.130E-02
     48849.6   0.593E-01
     49413.9   0.935E-02
     50457.9   0.445E-01
     51018.4   0.332E-02
     53338.1   0.105E-01
     62585.7   0.549E+00
     63623.6   0.644E-01
    44    12
     22538.8   0.588E-02
     22644.2   0.359E-02
     32956.3   0.135E-02
     33417.2   0.243E-02
     34949.7   0.164E-02
     35276.0   0.158E-02
     57251.0   0.151E+00
     59414.2   0.190E+00
     60378.2   0.286E-01
     61135.3   0.245E-02
     62010.8   0.213E+01
     62806.3   0.162E+02
    45    12
     22033.8   0.759E-02
     22495.0   0.337E-01
     32873.7   0.194E-02
     33320.7   0.122E-01
     34631.0   0.395E-02
     34899.5   0.551E-02
     56904.9   0.629E-02
     59105.0   0.180E-01
     60406.5   0.968E-02
     61357.3   0.605E-01
     62498.5   0.914E+01
     63171.3   0.153E-01
    46     7
     21940.0   0.271E+00
     22098.7   0.205E+00
     32807.6   0.172E+00
     32985.9   0.237E-02
     34514.5   0.213E-01
     34836.0   0.946E-02
     62207.2   0.179E-01
    47    18
     19250.4   0.743E-02
     19348.9   0.817E-03
     20480.4   0.137E-01
     20578.9   0.240E-02
     21444.3   0.247E-03
     22674.3   0.477E-03
     30693.4   0.217E-01
     31920.2   0.113E+00
     32708.8   0.120E+00
     33063.4   0.252E-01
     33845.4   0.209E+00
     33993.4   0.567E-02
     57023.4   0.242E-04
     58583.3   0.510E-02
     59717.1   0.221E-02
     60605.3   0.365E-02
     61707.6   0.108E-01
     62212.9   0.114E-02
    48    10
     30690.0   0.331E-03
     32653.9   0.191E-03
     52835.4   0.415E-03
     55050.0   0.281E-03
     56414.4   0.335E-03
     57322.3   0.263E-03
     58451.6   0.390E-01
     59375.1   0.550E-01
     61063.6   0.530E-02
     61982.1   0.402E+01
    49    12
     19385.3   0.474E-04
     29796.9   0.723E-04
     31507.0   0.598E-03
     31775.5   0.251E-03
     55952.0   0.380E-04
     57181.7   0.640E-03
     57926.9   0.169E-02
     59016.3   0.225E-01
     59566.3   0.390E-01
     60205.4   0.318E-02
     62078.6   0.240E+01
     63104.1   0.739E-02
    50    18
     19518.8   0.331E-04
     20745.0   0.193E-04
     23035.4   0.780E-05
     26047.8   0.287E-04
     30405.9   0.265E-04
     32242.1   0.966E-03
     33328.0   0.423E-04
     34110.0   0.768E-03
     34258.0   0.257E-04
     53879.9   0.190E-03
     56094.5   0.142E-03
     56755.6   0.212E-03
     58389.9   0.194E-02
     59039.9   0.486E-02
     59947.3   0.218E-01
     60624.8   0.159E-02
     61987.6   0.949E+00
     62697.8   0.755E-03
    52    23    86
     2     1
    109539.2   0.232E+00
     3     5
     76593.6   0.324E+00
     79984.7   0.526E+00
     91370.4   0.707E-01
     95310.7   0.321E+00
     97174.1   0.117E+00
     4     1
     90808.5   0.493E+00
     5     3
     70022.3   0.753E+00
     81992.0   0.114E+01
     92398.8   0.983E+00
     6     7
     52563.8   0.122E+00
     73144.6   0.160E+00
     81422.0   0.172E+01
     88795.6   0.165E+01
     89717.4   0.325E+00
     95996.3   0.862E+00
     97840.2   0.542E+00
     7     2
     89884.3   0.644E+01
     93746.7   0.709E+00
     8    11
     51397.3   0.139E+00
     62784.6   0.539E-01
     66724.9   0.630E-01
     72442.4   0.158E+00
     74754.3   0.524E-01
     76770.2   0.313E+00
     85040.6   0.422E-01
     91401.6   0.893E+00
     93283.9   0.525E+00
    106984.9   0.328E+00
    108446.8   0.128E+00
     9     1
     88996.9   0.829E+00
    10     4
     59795.4   0.297E+00
     87947.3   0.535E+01
     89864.3   0.364E+01
     91326.2   0.254E+01
    11     3
     88077.9   0.117E+01
     89156.4   0.128E+01
     90067.2   0.750E+00
    12     2
     88829.4   0.837E+00
     90528.5   0.110E+00
    13     2
     23834.5   0.137E+00
     44123.6   0.373E+00
    14     1
     88586.9   0.183E+01
    16     1
     88451.1   0.866E+00
    18     1
     88237.7   0.161E+02
    19     4
     17534.7   0.620E-01
     17573.5   0.950E-01
     17633.2   0.138E+00
     39296.6   0.835E+00
    20    11
     14810.0   0.685E-01
     14883.5   0.869E-01
     14991.9   0.409E+00
     15009.7   0.183E+00
     16900.9   0.118E+00
     17037.0   0.327E+00
     17100.6   0.208E-01
     17154.5   0.173E-01
     17225.9   0.165E+00
     17727.2   0.570E-01
     17926.9   0.624E-01
    23     3
     13346.9   0.123E-01
     13402.4   0.257E-01
     17482.6   0.351E-01
    27     7
     11086.0   0.115E+00
     11148.0   0.466E-01
     11232.1   0.249E-01
     15137.6   0.368E-01
     15283.7   0.157E+00
     15335.0   0.303E+00
     18402.6   0.502E-01
    30     5
     12312.0   0.113E-01
     12384.4   0.251E-01
     12487.8   0.433E-01
     31824.1   0.327E+00
     31902.7   0.260E-01
    35     6
      9679.6   0.981E-01
      9757.9   0.379E+00
      9764.1   0.505E+00
     28559.1   0.492E+01
     28640.8   0.254E+00
     38874.1   0.469E+00
    39     1
     11905.7   0.329E-01
    40     4
     13713.8   0.341E-01
     13756.4   0.657E-01
     28386.3   0.494E+00
     38012.3   0.160E+00
    53    31    54
     4     1
    157584.8   0.106E+00
     5     2
    143394.2   0.220E-02
    148623.6   0.141E-01
     9     1
    121218.3   0.518E-01
    10     1
    114278.6   0.845E-01
    13     3
     79971.0   0.786E+00
     81889.3   0.113E+00
    102231.0   0.108E+00
    14     2
     71569.8   0.334E+00
     73790.9   0.177E+00
    15     1
     75712.8   0.840E+00
    16     2
     74092.6   0.264E+01
     76976.4   0.141E+01
    17     2
     73891.6   0.343E+01
     77702.5   0.420E+00
    18     1
     72275.3   0.551E+00
    19     1
     72413.8   0.104E+00
    20     2
     69455.2   0.780E+01
     71320.0   0.127E+01
    21     2
     67759.9   0.449E-01
     75529.2   0.565E-01
    22     4
     65900.8   0.162E-01
     67298.5   0.267E+00
     72302.8   0.183E+00
     73263.6   0.514E-01
    23     3
     64651.9   0.978E+00
     66020.9   0.205E-01
     70908.3   0.387E-02
    24     3
     61471.8   0.371E+01
     63455.5   0.468E+00
     84046.1   0.525E+00
    25     2
     56278.2   0.324E+00
     57205.3   0.332E-01
    27     2
     71516.4   0.194E+01
     72673.8   0.515E+00
    28     2
     52134.2   0.106E+00
     70419.5   0.161E+01
    30     4
     48774.8   0.184E-01
     48976.4   0.138E-01
     71122.0   0.725E+00
     71925.7   0.130E+00
    31     1
     71672.1   0.557E+01
    32     1
     71634.9   0.352E+00
    33     1
     49923.4   0.216E-02
    34     2
     47904.5   0.399E-02
     48344.0   0.654E-02
    36     1
     46390.6   0.334E+00
    37     1
     46341.0   0.110E-01
    38     1
     58484.0   0.409E-01
    39     1
     39249.5   0.696E-01
    47     2
     37402.6   0.433E-01
     38994.2   0.342E+00
    48     1
     39774.6   0.109E+00
    49     1
     38543.7   0.816E-02
    64    13    16
     2     1
    174496.0   0.605E-01
     3     1
    165521.0   0.505E-01
     5     1
     95194.3   0.327E-01
    11     1
     74760.2   0.126E-01
    12     1
     70302.2   0.358E-02
    15     1
     62779.3   0.758E-01
    22     1
     56296.6   0.919E-02
    25     1
     50004.3   0.306E-02
    26     1
     52898.7   0.524E-01
    28     1
     45959.0   0.928E-03
    29     2
     40796.5   0.260E-01
     41217.5   0.774E-01
    35     3
     35066.5   0.789E-01
     35268.4   0.503E-01
     35487.5   0.138E+00
    47     1
     34504.3   0.215E-02
    82    14    14
    13     1
    599043.8   0.212E+00
    14     1
    620261.9   0.270E-01
    16     1
    481860.8   0.220E-01
    27     1
    437523.3   0.553E-01
    28     1
    403974.5   0.154E+00
    29     1
    396716.4   0.870E-01
    30     1
    395332.0   0.257E+00
    32     1
    413545.1   0.102E+00
    33     1
    392305.9   0.641E-02
    38     1
    225079.8   0.108E-02
    39     1
    220869.4   0.428E-01
    40     1
    258383.1   0.531E-01
    41     1
    279435.3   0.181E+00
    47     1
     88636.3   0.937E+00
    91    14    32
     1     5
    214722.2   0.118E-03
    221179.4   0.432E-03
    227949.5   0.841E-02
    236091.5   0.939E-03
    247371.8   0.657E-01
     2     7
    201417.9   0.145E-03
    208638.4   0.445E-01
    213909.9   0.970E-01
    218773.1   0.541E-01
    222932.7   0.168E+00
    228728.5   0.740E-01
    234885.2   0.141E-01
     3     2
    224454.2   0.906E-02
    228592.4   0.766E-02
     4     1
    169012.5   0.549E-03
     5     7
    164727.7   0.475E-02
    170049.9   0.434E-02
    172287.2   0.339E-02
    178689.7   0.271E-02
    181727.4   0.403E-02
    186819.8   0.290E-02
    190790.4   0.235E-03
     6     2
    188191.2   0.117E-03
    193243.6   0.217E-03
     8     1
    150911.9   0.195E-04
     9     1
    148452.8   0.551E-03
    10     1
    179312.4   0.102E-03
    15     1
    172389.7   0.176E-03
    19     1
    137288.6   0.193E-04
    21     1
    168070.9   0.512E-04
    26     1
    165693.9   0.369E-02
    27     1
    164968.4   0.815E-03
   111    35   394
     1     2
    772020.0   0.451E-01
    805534.1   0.644E-02
     2     3
    520279.0   0.483E+01
    556639.0   0.141E-01
    586344.4   0.638E-02
     3     1
    518117.7   0.478E+01
     8     1
    458213.4   0.376E-03
     9     1
    459141.2   0.228E-03
    10     1
    450648.5   0.553E-02
    12     1
    447489.3   0.142E-03
    13     1
    441964.7   0.571E-03
    18     5
    339964.8   0.485E-02
    357375.1   0.861E-02
    367126.2   0.136E-01
    387637.3   0.136E-01
    402636.1   0.895E-02
    20     1
    396326.8   0.139E-02
    21     1
    374149.3   0.176E-01
    22     2
    289126.3   0.416E-04
    314155.8   0.105E-03
    23     1
    333803.4   0.135E-01
    24     2
    325694.2   0.177E-02
    335009.5   0.123E-03
    25     2
    319044.4   0.158E-01
    329006.0   0.197E-01
    26     1
    317346.7   0.108E+00
    27     9
    207256.5   0.624E-02
    212695.4   0.219E-02
    218444.1   0.678E-02
    226734.0   0.358E-02
    233029.4   0.140E-01
    241079.5   0.114E-02
    252228.1   0.441E-02
    258085.9   0.474E-02
    266116.4   0.402E-02
    28     1
    248137.0   0.713E-02
    31     1
    237480.7   0.859E-04
    33     1
    221498.1   0.119E-02
    34    11
    141943.9   0.729E-03
    145994.3   0.700E-03
    147181.7   0.130E-03
    155339.6   0.103E-02
    164376.2   0.326E-03
    168619.6   0.172E-02
    171138.1   0.620E-03
    177552.5   0.151E-02
    186829.2   0.397E-03
    191155.0   0.586E-03
    193839.9   0.265E-03
    37     1
    201721.3   0.533E-03
    38     1
    192174.2   0.910E-03
    39    18
    105192.8   0.463E-03
    107520.5   0.189E-03
    109101.2   0.790E-03
    110398.0   0.115E-02
    112689.4   0.848E-04
    114484.6   0.331E-04
    118588.1   0.536E-02
    124192.5   0.449E-04
    126067.1   0.469E-03
    128403.4   0.449E-03
    131286.8   0.237E-02
    132740.2   0.114E-02
    134386.9   0.570E-03
    140801.8   0.172E-02
    149468.3   0.525E-03
    152905.9   0.569E-03
    155364.6   0.135E-03
    157040.9   0.133E-03
    40    29
     98698.1   0.450E-02
    100108.7   0.876E-01
    101707.2   0.114E+01
    102844.4   0.150E+01
    104909.3   0.469E-01
    106342.9   0.494E-02
    107957.9   0.203E+00
    109219.3   0.154E-01
    110301.3   0.885E-01
    112270.8   0.404E-01
    113802.7   0.634E-02
    116137.8   0.226E-02
    118507.3   0.356E-01
    120150.4   0.354E-01
    121804.3   0.421E-01
    123832.6   0.220E+00
    126040.4   0.110E+00
    128113.6   0.938E-01
    130307.2   0.502E-01
    132257.9   0.784E-02
    134391.0   0.515E-02
    135719.9   0.376E-02
    139510.6   0.204E-03
    141945.7   0.118E-03
    146062.8   0.108E-02
    149397.8   0.822E-03
    151516.5   0.252E-02
    153896.5   0.371E-03
    155995.2   0.161E-03
    41    27
     98502.3   0.329E-02
    100664.4   0.252E-01
    102000.8   0.226E-01
    103336.6   0.188E+00
    104634.4   0.104E+00
    105917.4   0.605E+00
    108085.0   0.210E+00
    109668.3   0.269E-01
    111717.4   0.894E-02
    113087.6   0.385E-02
    114410.1   0.265E-03
    118194.4   0.198E-01
    120478.8   0.765E-02
    122241.1   0.355E-01
    124063.0   0.690E-01
    125993.9   0.404E-01
    127982.0   0.338E-02
    130422.9   0.801E-02
    137424.9   0.694E-03
    144795.7   0.250E-02
    147680.5   0.240E-02
    150189.1   0.106E-02
    152327.6   0.256E-03
    154413.9   0.155E-02
    158397.0   0.115E-02
    160429.8   0.267E-03
    165950.7   0.687E-04
    42    29
     95135.5   0.267E-03
     96096.8   0.138E-02
     97976.4   0.330E-02
     98972.3   0.557E-02
     99931.9   0.508E-01
    101625.8   0.358E-01
    102666.1   0.165E+00
    103181.7   0.200E+00
    105232.1   0.107E-01
    106756.8   0.761E-01
    108230.5   0.304E-02
    110176.1   0.269E-01
    118698.9   0.181E-02
    121051.0   0.127E-02
    123184.5   0.193E-01
    125920.7   0.132E-01
    127422.8   0.128E-01
    128521.1   0.446E-03
    133983.7   0.188E-01
    142723.1   0.568E-02
    145097.8   0.574E-02
    147017.3   0.380E-02
    149447.8   0.427E-02
    151841.6   0.449E-02
    154451.2   0.370E-02
    156926.4   0.122E-03
    159346.4   0.189E-03
    163837.5   0.808E-03
    165518.0   0.971E-04
    43    23
     92231.5   0.343E-04
     94933.2   0.481E-04
     97027.9   0.293E-01
     98529.2   0.471E-01
     99173.7   0.283E-01
    100277.7   0.540E-01
    102001.0   0.700E-01
    102691.5   0.552E-01
    104330.6   0.349E-02
    106774.2   0.316E-03
    108626.3   0.153E-02
    116474.8   0.392E-03
    118786.2   0.240E-02
    120645.8   0.349E-01
    123016.7   0.250E-01
    124443.9   0.177E-01
    130581.8   0.532E-03
    139819.1   0.572E-03
    142049.9   0.327E-02
    143715.7   0.105E-02
    146543.8   0.199E-02
    151579.1   0.679E-03
    156442.4   0.396E-04
    44    30
     87511.4   0.447E-03
     89306.9   0.660E-03
     90097.1   0.411E-03
     91844.4   0.134E-02
     93137.0   0.299E-02
     94085.1   0.306E-01
     95094.2   0.200E-01
     96839.3   0.756E-02
     97403.8   0.310E-02
     99147.1   0.155E-01
    102295.8   0.308E+00
    103442.8   0.241E+00
    106199.3   0.357E-03
    109218.9   0.426E-02
    111057.2   0.121E-01
    113200.6   0.629E-02
    114528.3   0.171E-01
    115558.0   0.175E-02
    117357.4   0.221E-01
    118996.6   0.148E-01
    125556.1   0.683E-02
    134106.4   0.699E-02
    136322.9   0.996E-02
    138500.1   0.220E-01
    141360.3   0.780E-02
    145222.2   0.394E-02
    147839.5   0.297E-02
    152492.5   0.856E-03
    155917.4   0.316E-03
    161738.0   0.583E-03
    45    30
     82934.1   0.538E-03
     83878.3   0.150E-02
     85334.5   0.857E-02
     87404.9   0.824E-02
     89041.2   0.159E-01
     89649.8   0.127E-02
     90997.7   0.198E-02
     93009.0   0.279E-01
     93429.0   0.288E-03
     94717.6   0.119E-02
     99195.3   0.507E+00
    100826.5   0.639E+00
    102528.4   0.933E-01
    104544.0   0.396E-01
    106374.5   0.177E+00
    107177.4   0.539E-01
    109003.1   0.505E-01
    110824.7   0.255E-01
    111897.1   0.194E+00
    113415.2   0.279E+00
    114833.1   0.400E-01
    116539.8   0.257E-01
    121549.5   0.373E-02
    130699.3   0.157E-01
    132519.0   0.304E-01
    134318.5   0.446E-02
    136823.6   0.131E-02
    139390.6   0.201E-02
    141944.3   0.475E-02
    145687.3   0.405E-03
    46    16
     86377.0   0.103E-01
     90365.1   0.229E-02
     93305.6   0.176E-01
     95635.2   0.158E+00
     98078.8   0.113E+00
    107779.5   0.450E-03
    110223.8   0.665E-03
    114233.7   0.992E-03
    115748.5   0.529E-02
    121886.4   0.431E-01
    133282.2   0.297E-02
    135334.2   0.814E-03
    139267.2   0.459E-02
    142883.8   0.582E-02
    149798.0   0.355E-04
    158226.1   0.151E-02
    47    38
     79040.4   0.832E-03
     81115.2   0.345E-03
     82042.0   0.282E-02
     83721.4   0.255E-03
     84920.0   0.172E-04
     85808.7   0.106E-02
     86994.2   0.281E-02
     88106.7   0.828E-02
     89186.3   0.205E-01
     90768.0   0.625E-02
     91575.3   0.325E-02
     93147.1   0.263E-02
     94781.7   0.135E-01
     97417.1   0.167E-02
    100835.5   0.150E+00
    102884.4   0.384E-01
    104039.2   0.557E-02
    105428.0   0.609E-01
    106867.3   0.130E+00
    108052.9   0.415E-01
    109571.2   0.137E-01
    111184.9   0.801E-01
    112564.8   0.743E-01
    113382.2   0.684E-01
    115108.7   0.181E-01
    116889.1   0.456E-02
    119499.6   0.239E-02
    129044.6   0.118E-01
    130742.3   0.225E-01
    132848.7   0.180E-01
    134743.7   0.487E-02
    136371.4   0.480E-02
    138725.5   0.111E-02
    140639.3   0.147E-02
    143163.6   0.319E-02
    146018.4   0.387E-03
    148699.2   0.163E-03
    154104.0   0.495E-04
    48    35
     77278.3   0.713E-03
     78205.0   0.377E-02
     82074.6   0.391E-03
     83157.9   0.157E-02
     84241.5   0.789E-03
     85324.4   0.112E-02
     87143.2   0.353E-03
     87920.8   0.120E-01
     91608.6   0.609E-02
     93408.8   0.966E-02
     94022.4   0.109E-03
     96637.6   0.601E-02
     99541.7   0.550E-01
    100755.9   0.124E+00
    101573.8   0.217E+00
    103193.8   0.263E-01
    105382.2   0.145E-01
    107103.6   0.119E+00
    107970.2   0.135E+00
    109513.7   0.797E-01
    112124.9   0.844E-01
    113612.7   0.106E+00
    115424.1   0.310E-02
    124883.2   0.113E-01
    126638.9   0.161E-02
    128785.4   0.166E-01
    131285.7   0.218E-01
    132726.2   0.736E-02
    135250.5   0.266E-01
    137370.9   0.218E-02
    139643.5   0.265E-02
    141780.1   0.912E-02
    143540.1   0.722E-03
    146724.4   0.378E-02
    152695.7   0.449E-03
    49    41
     77126.4   0.765E-02
     80004.5   0.322E-03
     80726.0   0.500E-02
     82266.2   0.160E-01
     84134.3   0.626E-02
     84900.3   0.291E-02
     86149.9   0.761E-03
     86954.9   0.585E-01
     87759.1   0.863E-02
     89329.5   0.227E-01
     90189.6   0.654E-02
     92040.7   0.975E-02
     93521.2   0.126E-02
     95933.8   0.588E-02
     97486.1   0.511E-01
     98962.7   0.700E-01
    100442.9   0.327E-01
    101447.3   0.136E+00
    102531.4   0.311E-01
    103790.1   0.649E+00
    105410.5   0.155E+00
    106463.4   0.792E-01
    107899.9   0.102E+00
    108834.3   0.601E+00
    110146.3   0.676E+00
    111513.4   0.692E-01
    113531.1   0.529E-01
    115476.7   0.114E-02
    118517.9   0.156E-03
    123768.1   0.301E-02
    126473.9   0.298E-01
    128280.1   0.813E-01
    130432.1   0.494E-01
    131808.2   0.140E-01
    134102.4   0.129E-01
    136098.4   0.520E-02
    138388.9   0.273E-01
    141263.8   0.256E-01
    144161.4   0.815E-02
    147205.0   0.449E-03
    148621.8   0.310E-03
    50    27
     79028.1   0.107E-03
     79954.8   0.694E-03
     81778.4   0.550E-03
     84907.7   0.233E-03
     85677.5   0.992E-04
     87041.2   0.193E-03
     89331.9   0.216E-02
     91127.1   0.679E-03
     93504.5   0.385E-03
     95168.8   0.667E-02
     98387.4   0.266E-03
    101407.1   0.550E-02
    103084.6   0.125E-01
    105147.6   0.175E-01
    106151.6   0.252E-03
    107446.6   0.946E-02
    109384.7   0.183E-01
    110907.3   0.201E-02
    117422.6   0.748E-02
    126375.6   0.511E-02
    128411.2   0.287E-02
    130253.6   0.289E-02
    132082.1   0.793E-03
    134518.6   0.201E-03
    138263.8   0.112E-02
    143239.0   0.224E-03
    147577.7   0.320E-04
   115    20    33
     9     1
    392903.3   0.257E-04
    15     1
    341922.1   0.177E-04
    18     1
    305370.5   0.480E-03
    27     1
    286589.5   0.154E-03
    28     1
    284589.0   0.153E-02
    31     1
    249875.1   0.413E-03
    32     4
    246618.6   0.747E-03
    254932.4   0.684E-04
    263383.8   0.204E-03
    270944.6   0.177E-03
    33     2
    246525.1   0.252E-04
    264274.9   0.274E-03
    34     4
    245853.3   0.856E-02
    254150.8   0.249E-02
    265305.6   0.191E-02
    270122.4   0.142E-02
    35     1
    258998.6   0.225E-02
    36     2
    255125.8   0.362E-02
    258348.7   0.273E-02
    38     1
    245155.6   0.156E-01
    39     1
    257691.6   0.298E-03
    40     4
    232208.5   0.421E-03
    239204.8   0.652E-03
    247542.7   0.126E-03
    255102.3   0.543E-04
    42     1
    230469.4   0.201E-04
    43     1
    244876.6   0.283E-03
    44     2
    233641.1   0.637E-04
    248445.9   0.191E-03
    45     2
    232779.9   0.213E-02
    247563.7   0.939E-02
    48     1
    236103.4   0.808E-04
    49     1
    243485.8   0.407E-04
   116    25    25
     3     1
    650860.9   0.729E-04
     6     1
    645306.3   0.470E-03
     7     1
    630951.2   0.131E-03
     8     1
    610315.7   0.215E-03
     9     1
    485304.4   0.356E+00
    10     1
    483264.3   0.382E+00
    11     1
    471790.4   0.217E+00
    12     1
    470488.8   0.369E+00
    13     1
    468518.3   0.647E-01
    14     1
    460873.6   0.405E+00
    15     1
    424648.9   0.769E-01
    35     1
    323004.8   0.231E-03
    37     1
    324279.8   0.120E-03
    38     1
    330476.2   0.137E-03
    39     1
    323354.5   0.171E-03
    40     1
    328962.6   0.298E-03
    41     1
    323540.2   0.445E-02
    42     1
    322655.5   0.239E-03
    43     1
    327294.4   0.792E-03
    44     1
    315973.3   0.240E-03
    45     1
    317116.7   0.124E-03
    46     1
    319177.1   0.339E-03
    47     1
    315242.0   0.304E-02
    48     1
    310918.8   0.647E-03
    50     1
    308649.2   0.340E-03
   123    10    10
     4     1
    892104.9   0.795E-04
     6     1
    887273.3   0.103E-03
     7     1
    870176.7   0.173E-03
     9     1
    644249.6   0.281E+01
    10     1
    639364.8   0.387E+00
    11     1
    628742.7   0.582E+00
    12     1
    627657.0   0.495E+00
    13     1
    623639.9   0.350E+00
    14     1
    616545.1   0.355E+00
    15     1
    572467.5   0.725E-01
