   1   1   1  25   0  10  45   0   0  10   1
   2   2   1   0  19  27 125   0   0  27   1
   3   2   2  25   0  14  87   0   0  14   1
   4   6   1   0  22  23  98   0   0  22   1
   5   6   2  21  36  10 284   5  32  36   1
   6   6   3  15  50  12 520  47 184  50   1
   7   6   4   1  27   9 103   0   0  27   1
   8   6   5   0   5   5   6   0   0   5   1
   9   7   1   0  28   1  70   0   0  28   1
  10   7   2   4  21   9  64   0   0  21   1
  11   7   3  41  40  15 356  40 242  40   1
  12   7   4   2  50  14 520  43  81  50   1
  13   7   5   1  27   9 104   0   0  27   1
  14   7   6   0   5   5   6   0   0   5   1
  15   8   1   0  48  40 534  16  64  48   1
  16   8   2   0  50  20 595  45 311  50   1
  17   8   3   6  50   9 554  50 342  50   1
  18   8   4   1  44  16 435  43 227  44   1
  19   8   5  15  50   6 524  19  24  50   1
  20   8   6   1  27   9 102   0   0  27   1
  21   9   1   0  12  13  33   0   0  12   1
  22   9   2   0  22  23  28   0   0  22   1
  23   9   3   0  41  41  79   0   0  41   1
  24   9   4   4  29  29  47   0   0  29   1
  25   9   5   0  20  20  37   0   0  20   1
  26   9   6   0  10  10   9   0   0  10   1
  27  10   1   0  15   1 127   0   0  41   1
  28  10   2   0  50  10 592   2  14  50   1
  29  10   3   3  38  13 319   0   0  38   1
  30  10   4   2  50  13 577   0   0  50   1
  31  10   5  23  50   9 534   0   0  50   1
  32  10   6   0  50  50 343   0   0  50   1
  33  11   1   0  10  10  18   0   0  10   1
  34  11   2   0  15   0 181   0   0  35   1
  35  11   3   0  36  36 307   0   0  36   1
  36  11   4   3  16  16  15   0   0  16   1
  37  11   5   0  17  17  20   0   0  17   1
  38  11   6   4  17  17  17   0   0  17   1
  39  12   1   0  21  21  74   0   0  21   1
  40  12   2   2  26  21 104   0   0  26   1
  41  12   3   0  50  50 529   0   0  50   1
  42  12   4   0  50  50 589   0   0  50   1
  43  12   5   3  50  50 547   0   0  50   1
  44  12   6   0  21  21  54   0   0  21   1
  45  13   1   0  19  19  38   3  25  19   1
  46  13   2   0  18  18  57   3  14  18   1
  47  13   3   0  27  21  97   0   0  27   1
  48  13   4   0  50  50 529   0   0  50   1
  49  13   5   0  50  50 588  17 238  50   1
  50  13   6   0  19  19  41   0   0  19   1
  51  14   1   0  21  21  87   0   0  21   1
  52  14   2   8  40  10 293  23  86  40   1
  53  14   3   5  50  55 480  31  54  50   1
  54  14   4   2  25  20  90   0   0  25   1
  55  14   5   0  50   9 531   0   0  50   1
  56  14   6   0  50  50 596   0   0  50   1
  57  15   1   0   9   0  16   0   0   9   1
  58  15   2   0  10   0  18   0   0  10   1
  59  15   3   0  16   1  27   0   0  16   1
  60  15   4   0  19  25  27   0   0  19   1
  61  15   5   0  25  19  90   0   0  25   1
  62  15   6   0  14  14  41   0   0  14   1
  63  16   1   0  17  18  22   0   0  17   1
  64  16   2  60  50  16 592  13  16  50   1
  65  16   3   0  14  16  32   0   0  14   1
  66  16   4   1  13   2  22   0   0  13   1
  67  16   5  22  44  14 404   0   0  44   1
  68  16   6   1  18  17  59   0   0  18   1
  69  16   7   0  14  13  39   0   0  14   1
  70  17   1   0  18   0  64   0   0  18   1
  71  17   2   0  18   0  41   0   0  18   1
  72  17   3   0  14   0  33   0   0  14   1
  73  17   4   0  16   0  43   0   0  16   1
  74  17   5   0  13   0  20   0   0  13   1
  75  17   6   0  25   0  70   0   0  35   1
  76  18   1   0   0   0 141   0   0  31   1
  77  18   2   0  16  16  47   0   0  16   1
  78  18   3   0  13  13  21   0   0  13   1
  79  18   4   0  11  11  22   0   0  11   1
  80  18   5   3  40  40 328   0   0  40   1
  81  18   6   0  42  42 400   0   0  42   1
  82  18   7   1  47  47 483  14  14  47   1
  83  18   8   0  15  14  41   0   0  15   1
  84  19   1   0  17   0  43   0   0  17   1
  85  19   2   0  19   0  63   0   0  19   1
  86  19   3   0  17   0  60   0   0  17   1
  87  19   4   0  13   0  28   0   0  13   1
  88  19   5   0  17   0  42   0   0  17   1
  89  19   6   3   6   0   4   0   0   6   1
  90  20   1   0  15  15  41   0   0  15   1
  91  20   2   0  28  27 126  14  32  28   2
  92  20   3   0  15  15  43   0   0  15   1
  93  20   4   0  50  48 176   0   0  50   3
  94  20   5   0  50  50 551   0   0  50   3
  95  20   6   0   7   7   6   0   0   7   1
  96  22   1   0  11   0  15   0   0  11   1
  97  22   2   0  50   0 509   0   0  50   2
  98  22   3   0  50   0 482   0   0  50   2
  99  22   4   0  12   0  18   0   0  12   1
 100  22   5   0   5   0   4   0   0   5   1
 101  23   1   0  11   0   0   0   0  11   1
 102  23   2   0  14   0   0   0   0  14   1
 103  23   3   0  12   0   0   0   0  12   1
 104  23   4   0  13   0  36   0   0  13   1
 105  23   5   0   7   0   7   0   0   7   1
 106  24   1   0  12   0   6   0   0  12   1
 107  24   2   0  50   0 321   0   0  50   2
 108  24   3   0  50   0 447   0   0  50   2
 109  24   4   0  50   0 486   0   0  50   2
 110  24   5   0  13   0  36   0   0  13   1
 111  24   6   0  50   0 532  35 394  50   1
 112  25   1   0   9   0   7   0   0   9   1
 113  25   2   0  50   0 305   0   0  50   2
 114  25   3   0  50   0 364   0   0  50   2
 115  25   4   0  50   0 467  20  33  50   3
 116  25   5   0  50   0 508  25  25  50   3
 117  25   6   0  13   0  35   0   0  13   1
 118  26   1   0  11   0   6   0   0  11   1
 119  26   2 253  50   7 405   0   0  50   2
 120  26   3 351  50  24 246   0   0  50   2
 121  26   4 351  45  22 253   0   0  45   3
 122  26   5   0  50  87 451   0   0  50   3
 123  26   6   0  50  53 452  10  10  50   3
 124  26   7   0  22  25  91   0   0  22   3
 125  26   8   0  42  46 300   0   0  42   1
 126  27   1   0  14   0   8   0   0  14   1
 127  27   2   0  50   0 482   0   0  50   2
 128  27   3   0  50   0 469   0   0  50   2
 129  27   4   0  41   0  70   0   0  41   3
 130  27   5   0  45   0 253   0   0  45   3
 131  27   6   0  43   0 317   0   0  43   3
 132  27   7   0  34   0 246   0   0  34   3
 133  28   1   0  42   0 170   0   0  42   2
 134  28   2   0  50   0 419   0   0  50   2
 135  28   3   0  40   0 281   0   0  40   2
 136  28   4   0  50   0 528   0   0  50   3
 137  28   5   0  41   0  70   0   0  41   3
 138  28   6   0  45   0 253   0   0  45   3
 139  28   7   0  43   0 317   0   0  43   3
 140  28   8   0  34   0 246   0   0  34   3
 141  29   1   0  13   0  20   0   0  34   1
 142  29   2   0  25   0  48   0   0  38   1
 143  29   3   0  13   0  41   0   0  13   1
 144  29   4   0  50   0 477   0   0  50   1
 145  29   5   0  50   0 527   0   0  50   1
 146  29   6   0  50   0 246   0   0  50   1
 147  30   1   0   5   0  16   0   0  21   1
 148  30   2   0   2   0   1   0   0   2   1
 149  30   3   0  33   0 192   0   0  44   1
