 TEMPERATURE=  0.11E+08 BINMIN,   BINSYZ=    1.0    2.5 ABUNJ 11.08  8.15  7.55  8.41  7.65  7.32  7.23  6.84  6.12  6.06  7.22  5.94
   0.708E-02   0.627E-02   0.585E-02   0.555E-02   0.534E-02   0.517E-02   0.499E-02   0.487E-02   0.473E-02   0.487E-02
   0.452E-02   0.473E-02   0.447E-02   0.450E-02   0.439E-02   0.416E-02   0.427E-02   0.402E-02   0.406E-02   0.392E-02
   0.386E-02   0.399E-02   0.571E-02   0.378E-02   0.375E-02   0.411E-02   0.372E-02   0.363E-02   0.359E-02   0.355E-02
   0.352E-02   0.351E-02   0.346E-02   0.343E-02   0.161E-01   0.337E-02   0.689E-01   0.331E-02   0.329E-02   0.416E-02
   0.386E-02   0.489E-01   0.319E-02   0.316E-02   0.314E-02   0.137E-01   0.477E-02   0.180E-01   0.465E-01   0.493E-02
   0.366E-02   0.346E-02   0.297E-02   0.389E-02   0.293E-02   0.292E-02   0.289E-02   0.287E-02   0.285E-02   0.284E-02
   0.282E-02   0.280E-02   0.279E-02   0.277E-02   0.275E-02   0.274E-02   0.272E-02   0.270E-02   0.269E-02   0.267E-02
   0.266E-02   0.264E-02   0.263E-02   0.261E-02   0.261E-02   0.285E-02   0.257E-02   0.257E-02   0.263E-02   0.253E-02
   0.251E-02   0.250E-02   0.249E-02   0.247E-02   0.246E-02   0.253E-02   0.243E-02   0.242E-02   0.241E-02   0.240E-02
   0.241E-02   0.237E-02   0.236E-02   0.238E-02   0.234E-02   0.232E-02   0.233E-02   0.231E-02   0.229E-02   0.228E-02
   0.228E-02   0.225E-02   0.224E-02   0.223E-02   0.224E-02   0.221E-02   0.223E-02   0.219E-02   0.271E-02   0.217E-02
   0.216E-02   0.215E-02   0.295E-02   0.213E-02   0.212E-02   0.211E-02   0.210E-02   0.209E-02   0.208E-02   0.207E-02
   0.273E-02   0.205E-02   0.204E-02   0.204E-02   0.203E-02   0.201E-02   0.200E-02   0.199E-02   0.199E-02   0.198E-02
   0.197E-02   0.201E-02   0.199E-02   0.196E-02   0.194E-02   0.193E-02   0.192E-02   0.191E-02   0.190E-02   0.190E-02
   0.188E-02   0.188E-02   0.187E-02   0.186E-02   0.185E-02   0.190E-02   0.419E-02   0.193E-02   0.194E-02   0.181E-02
   0.197E-02   0.180E-02   0.284E-02   0.179E-02   0.178E-02   0.177E-02   0.176E-02   0.175E-02   0.175E-02   0.200E-02
   0.173E-02   0.173E-02   0.255E-02   0.171E-02   0.171E-02   0.170E-02   0.170E-02   0.169E-02   0.169E-02   0.167E-02
   0.167E-02   0.167E-02   0.165E-02   0.216E-02   0.164E-02   0.163E-02   0.163E-02   0.171E-02   0.161E-02   0.161E-02
   0.166E-02   0.159E-02   0.159E-02   0.176E-02   0.158E-02   0.157E-02   0.156E-02   0.168E-02   0.155E-02   0.154E-02
   0.154E-02   0.155E-02   0.153E-02   0.153E-02   0.151E-02   0.151E-02   0.150E-02   0.153E-02   0.150E-02   0.289E-02
   0.148E-02   0.149E-02   0.158E-02   0.146E-02   0.167E-02   0.145E-02   0.145E-02   0.144E-02   0.144E-02   0.173E-02
   0.142E-02   0.142E-02   0.141E-02   0.141E-02   0.172E-02   0.140E-02   0.139E-02   0.139E-02   0.138E-02   0.138E-02
   0.137E-02   0.136E-02   0.136E-02   0.135E-02   0.161E-02   0.143E-02   0.134E-02   0.140E-02   0.133E-02   0.182E-02
   0.132E-02   0.151E-02   0.131E-02   0.130E-02   0.130E-02   0.129E-02   0.157E-02   0.128E-02   0.128E-02   0.127E-02
   0.126E-02   0.126E-02   0.129E-02   0.125E-02   0.124E-02   0.150E-02   0.123E-02   0.123E-02   0.124E-02   0.132E-02
   0.136E-02   0.181E-02   0.120E-02   0.129E-02   0.120E-02   0.126E-02   0.119E-02   0.118E-02   0.118E-02   0.117E-02
   0.117E-02   0.231E-01   0.116E-02   0.117E-02   0.115E-02   0.174E-02   0.114E-02   0.114E-02   0.113E-02   0.113E-02
   0.112E-02   0.112E-02   0.112E-02   0.111E-02   0.111E-02   0.111E-02   0.110E-02   0.110E-02   0.117E-02   0.109E-02
   0.109E-02   0.108E-02   0.108E-02   0.109E-02   0.107E-02   0.107E-02   0.106E-02   0.106E-02   0.106E-02   0.106E-02
   0.243E-02   0.105E-02   0.104E-02   0.104E-02   0.103E-02   0.181E-02   0.103E-02   0.102E-02   0.312E-02   0.102E-02
   0.101E-02   0.101E-02   0.101E-02   0.100E-02   0.100E-02   0.254E-02   0.993E-03   0.989E-03   0.986E-03   0.514E-02
   0.979E-03   0.127E-01   0.973E-03   0.969E-03   0.966E-03   0.963E-03   0.959E-03   0.101E-02   0.953E-03   0.949E-03
   0.100E-02   0.590E-02   0.940E-03   0.936E-03   0.150E-02   0.211E-02   0.239E-02   0.154E-01   0.917E-02   0.917E-03
   0.284E-02   0.911E-03   0.972E-03   0.905E-03   0.199E-02   0.899E-03   0.458E-02   0.164E-02   0.889E-03   0.953E-03
   0.320E-02   0.880E-03   0.877E-03   0.874E-03   0.828E-02   0.868E-03   0.865E-03   0.862E-03   0.889E-03   0.131E-01
   0.882E-03   0.108E-02   0.877E-03   0.160E-02   0.871E-03   0.868E-03   0.865E-03   0.862E-03   0.336E-02   0.122E-02
   0.853E-03   0.143E-01   0.847E-03   0.844E-03   0.133E-01   0.103E-02   0.698E-02   0.833E-03   0.224E-02   0.254E-02
   0.824E-03   0.821E-03   0.819E-03   0.130E-01   0.528E-02   0.810E-03   0.808E-03   0.805E-03   0.635E-02   0.799E-03
   0.796E-03   0.794E-03   0.632E-02   0.788E-03   0.197E-01   0.783E-03   0.256E-01   0.884E-03   0.775E-03   0.772E-03
   0.770E-03   0.398E-02   0.764E-03   0.762E-03   0.759E-03   0.756E-03   0.249E-02   0.751E-03   0.203E-02   0.836E-02
   0.351E-01   0.741E-03   0.881E-02   0.736E-03   0.118E-02   0.876E-02   0.728E-03   0.987E-03   0.148E-01   0.721E-03
   0.718E-03   0.716E-03   0.780E-02   0.334E-02   0.709E-03   0.707E-03   0.705E-03   0.293E-01   0.151E-02   0.138E-01
   0.696E-03   0.693E-03   0.691E-03   0.177E-02   0.687E-03   0.685E-03   0.682E-03   0.680E-03   0.104E-02   0.107E-02
   0.674E-03   0.672E-03   0.350E-02   0.667E-03   0.665E-03   0.305E-02   0.462E-02   0.659E-03   0.657E-03   0.655E-03
   0.653E-03   0.650E-03   0.648E-03   0.646E-03   0.644E-03   0.642E-03   0.753E-03   0.638E-03   0.636E-03   0.585E-02
   0.930E-02   0.630E-03   0.628E-03   0.626E-03   0.624E-03   0.622E-03   0.620E-03   0.618E-03   0.699E-02   0.614E-03
   0.612E-03   0.610E-03   0.608E-03   0.152E-02   0.604E-03   0.454E-02   0.600E-03   0.946E-03   0.597E-03   0.595E-03
   0.593E-03   0.591E-03   0.589E-03   0.587E-03   0.585E-03   0.588E-03   0.188E-02   0.580E-03   0.578E-03   0.576E-03
   0.574E-03   0.647E-02   0.570E-03   0.290E-02   0.567E-03   0.567E-03   0.563E-03   0.561E-03   0.559E-03   0.558E-03
   0.863E-03   0.554E-03   0.552E-03   0.551E-03   0.549E-03   0.151E-02   0.545E-03   0.543E-03   0.542E-03   0.540E-03
   0.538E-03   0.536E-03   0.535E-03   0.957E-03   0.531E-03   0.856E-02   0.528E-03   0.526E-03   0.590E-03   0.523E-03
   0.135E-02   0.519E-03   0.518E-03   0.269E-02   0.514E-03   0.513E-03   0.208E-02   0.509E-03   0.508E-03   0.506E-03
   0.528E-03   0.355E-02   0.112E-02   0.499E-03   0.498E-03   0.496E-03   0.494E-03   0.493E-03   0.570E-03   0.489E-03
   0.488E-03   0.346E-02   0.878E-03   0.483E-03   0.481E-03   0.776E-03   0.145E-02   0.477E-03   0.182E-02   0.473E-03
   0.610E-02   0.470E-03   0.469E-03   0.467E-03   0.477E-03   0.476E-03   0.474E-03   0.473E-03   0.471E-03   0.470E-03
   0.594E-03   0.477E-02   0.465E-03   0.464E-03   0.462E-03   0.461E-03   0.459E-03   0.458E-03   0.456E-03   0.455E-03
   0.453E-03   0.452E-03   0.450E-03   0.449E-03   0.448E-03   0.621E-02   0.445E-03   0.443E-03   0.442E-03   0.440E-03
   0.439E-03   0.438E-03   0.436E-03   0.435E-03   0.433E-03   0.432E-03   0.486E-03   0.429E-03   0.428E-03   0.426E-03
   0.425E-03   0.423E-03   0.424E-03   0.422E-03   0.421E-03   0.420E-03   0.611E-02   0.417E-03   0.155E-01   0.414E-03
   0.413E-03   0.930E-03   0.411E-03   0.409E-03   0.408E-03   0.407E-03   0.406E-03   0.142E-02   0.403E-03   0.135E-02
   0.401E-03   0.400E-03   0.398E-03   0.397E-03   0.396E-03   0.395E-03   0.394E-03   0.392E-03   0.391E-03   0.390E-03
   0.389E-03   0.576E-03   0.386E-03   0.385E-03   0.204E-02   0.383E-03   0.382E-03   0.381E-03   0.379E-03   0.378E-03
   0.377E-03   0.376E-03   0.375E-03   0.374E-03   0.373E-03   0.371E-03   0.370E-03   0.369E-03   0.368E-03   0.367E-03
   0.366E-03   0.162E-02   0.366E-03   0.365E-03   0.364E-03   0.363E-03   0.362E-03   0.361E-03   0.360E-03   0.359E-03
   0.357E-03   0.356E-03   0.355E-03   0.354E-03   0.353E-03   0.352E-03   0.351E-03   0.350E-03   0.349E-03   0.348E-03
   0.347E-03   0.346E-03   0.344E-03   0.343E-03   0.442E-03   0.341E-03   0.340E-03   0.339E-03   0.338E-03   0.337E-03
   0.336E-03   0.335E-03   0.334E-03   0.107E-02   0.332E-03   0.331E-03   0.330E-03   0.329E-03   0.328E-03   0.327E-03
   0.326E-03   0.325E-03   0.324E-03   0.379E-03   0.322E-03   0.323E-03   0.322E-03   0.321E-03   0.753E-03   0.319E-03
   0.318E-03   0.317E-03   0.316E-03   0.370E-03   0.314E-03   0.313E-03   0.872E-03   0.311E-03   0.310E-03   0.309E-03
   0.308E-03   0.307E-03   0.309E-03   0.603E-03   0.304E-03   0.303E-03   0.302E-03   0.242E-02   0.315E-03   0.300E-03
   0.299E-03   0.298E-03   0.297E-03   0.296E-03   0.296E-03   0.296E-03   0.295E-03   0.294E-03   0.293E-03   0.292E-03
   0.291E-03   0.290E-03   0.289E-03   0.288E-03   0.287E-03   0.286E-03   0.285E-03   0.284E-03   0.283E-03   0.286E-03
   0.285E-03   0.284E-03   0.283E-03   0.283E-03   0.282E-03   0.281E-03   0.280E-03   0.279E-03   0.278E-03   0.277E-03
   0.276E-03   0.275E-03   0.274E-03   0.273E-03   0.273E-03   0.783E-02   0.271E-03   0.270E-03   0.272E-03   0.268E-03
   0.267E-03   0.307E-02   0.265E-03   0.265E-03   0.229E-02   0.125E-01   0.262E-03   0.261E-03   0.260E-03   0.260E-03
   0.259E-03   0.258E-03   0.257E-03   0.814E-03   0.256E-03   0.255E-03   0.254E-03   0.253E-03   0.253E-03   0.252E-03
   0.251E-03   0.250E-03   0.250E-03   0.249E-03   0.248E-03   0.247E-03   0.246E-03   0.246E-03   0.245E-03   0.244E-03
   0.243E-03   0.243E-03   0.242E-03   0.241E-03   0.241E-03   0.243E-03   0.239E-03   0.238E-03   0.238E-03   0.237E-03
   0.236E-03   0.235E-03   0.235E-03   0.241E-03   0.241E-03   0.240E-03   0.239E-03   0.238E-03   0.238E-03   0.237E-03
   0.236E-03   0.236E-03   0.235E-03   0.234E-03   0.233E-03   0.233E-03   0.232E-03   0.231E-03   0.231E-03   0.230E-03
   0.229E-03   0.228E-03   0.955E-02   0.227E-03   0.226E-03   0.226E-03   0.225E-03   0.224E-03   0.224E-03   0.223E-03
   0.222E-03   0.222E-03   0.221E-03   0.221E-03   0.220E-03   0.219E-03   0.219E-03   0.218E-03   0.217E-03   0.217E-03
   0.216E-03   0.215E-03   0.215E-03   0.214E-03   0.214E-03   0.213E-03   0.212E-03   0.212E-03   0.211E-03   0.210E-03
   0.210E-03   0.209E-03   0.209E-03   0.208E-03   0.207E-03   0.207E-03   0.206E-03   0.205E-03   0.205E-03   0.204E-03
   0.204E-03   0.203E-03   0.202E-03   0.202E-03   0.201E-03   0.201E-03   0.200E-03   0.200E-03   0.199E-03   0.198E-03
   0.198E-03   0.197E-03   0.197E-03   0.196E-03   0.195E-03   0.195E-03   0.194E-03   0.194E-03   0.193E-03   0.193E-03
   0.192E-03   0.191E-03   0.191E-03   0.190E-03   0.190E-03   0.189E-03   0.189E-03   0.188E-03   0.188E-03   0.187E-03
   0.186E-03   0.186E-03   0.262E-02   0.185E-03   0.184E-03   0.184E-03   0.183E-03   0.183E-03   0.182E-03   0.182E-03
   0.181E-03   0.180E-03   0.180E-03   0.179E-03   0.179E-03   0.178E-03   0.178E-03   0.177E-03   0.177E-03   0.176E-03
   0.176E-03   0.175E-03   0.175E-03   0.174E-03   0.174E-03   0.173E-03   0.173E-03   0.172E-03   0.172E-03   0.171E-03
   0.171E-03   0.170E-03   0.170E-03   0.169E-03   0.169E-03   0.168E-03   0.168E-03   0.167E-03   0.167E-03   0.166E-03
   0.166E-03   0.165E-03   0.165E-03   0.164E-03   0.164E-03   0.163E-03   0.163E-03   0.159E-02   0.162E-03   0.161E-03
   0.161E-03   0.160E-03   0.160E-03   0.159E-03   0.159E-03   0.158E-03   0.158E-03   0.157E-03   0.157E-03   0.157E-03
   0.156E-03   0.156E-03   0.155E-03   0.155E-03   0.154E-03   0.154E-03   0.153E-03   0.153E-03   0.152E-03   0.152E-03
   0.151E-03   0.151E-03   0.151E-03   0.150E-03   0.150E-03   0.149E-03   0.149E-03   0.148E-03   0.148E-03   0.147E-03
   0.119E-02   0.147E-03   0.146E-03   0.146E-03   0.145E-03   0.145E-03   0.144E-03   0.144E-03   0.144E-03   0.143E-03
   0.143E-03   0.142E-03   0.142E-03   0.141E-03   0.141E-03   0.141E-03   0.140E-03   0.140E-03   0.139E-03   0.139E-03
   0.138E-03   0.259E-02   0.138E-03   0.142E-03   0.137E-03   0.140E-03   0.139E-03   0.139E-03   0.148E-02   0.138E-03
   0.138E-03   0.165E-02   0.137E-03   0.432E-02   0.136E-03   0.135E-03   0.135E-03   0.135E-03   0.134E-03   0.134E-03
   0.134E-03   0.133E-03   0.133E-03   0.132E-03   0.132E-03   0.132E-03   0.131E-03   0.131E-03   0.131E-03   0.130E-03
