 -6.30102988464916   -6.30102989362136   -6.30102990491670
 -6.30102991913668   -6.30102993703858   -6.30102995957573
 -6.30102998794833   -6.30103002366730   -6.30103006863483
 -6.30103012524559   -6.30103019651431   -6.30103028623630
 -6.30103039918958   -6.30103054138931   -6.30103072040812
 -6.30103094577940   -6.30103122950493   -6.30103158669406
 -6.30103203636829   -6.30103260247423   -6.30103331515879
 -6.30103421237454   -6.30103534190074   -6.30103676388760
 -6.30103855405921   -6.30104080774575   -6.30104364495951
 -6.30104721678498   -6.30105171342298   -6.30105737431703
 -6.30106450090053   -6.30107347264267   -6.30108476724642
 -6.30109898607167   -6.30111688613427   -6.30113942037913
 -6.30116778836357   -6.30120350003602   -6.30124845598436
 -6.30130504839269   -6.30137628802737   -6.30146596392739
 -6.30157884416419   -6.30172092814252   -6.30189976353034
 -6.30212484414464   -6.30240810911082   -6.30276456849908
 -6.30321308657662   -6.30377736094419   -6.30448714426603
 -6.30537976508706   -6.30650201523458   -6.30791248310626
 -6.30968442383050   -6.31190926709993   -6.31470086834831
 -6.31820060374459   -6.32258338603063   -6.32806462395821
 -6.33490804445976   -6.34343411780566   -6.35402853819535
 -6.36714977684722   -6.38333410787940   -6.40319570371934
 -6.42741847610889   -6.45673552369826   -6.49189181717772
 -6.53358692333061   -6.58239820389180
 -6.20102985613806   -6.20102986743340   -6.20102988165338
 -6.20102989955528   -6.20102992209244   -6.20102995046503
 -6.20102998618401   -6.20103003115154   -6.20103008776230
 -6.20103015903103   -6.20103024875302   -6.20103036170630
 -6.20103050390604   -6.20103068292486   -6.20103090829615
 -6.20103119202169   -6.20103154921083   -6.20103199888509
 -6.20103256499105   -6.20103327767564   -6.20103417489143
 -6.20103530441768   -6.20103672640460   -6.20103851657628
 -6.20104077026292   -6.20104360747681   -6.20104717930243
 -6.20105167594062   -6.20105733683492   -6.20106446341872
 -6.20107343516125   -6.20108472976549   -6.20109894859136
 -6.20111684865473   -6.20113938290055   -6.20116775088622
 -6.20120346256021   -6.20124841851050   -6.20130501092126
 -6.20137625055902   -6.20146592646291   -6.20157880670458
 -6.20172089068905   -6.20189972608458   -6.20212480670860
 -6.20240807168700   -6.20276453109064   -6.20321304918753
 -6.20377732357945   -6.20448710693191   -6.20537972779145
 -6.20650197798739   -6.20791244591990   -6.20968438672057
 -6.21190923008595   -6.21470083145469   -6.21820056700182
 -6.22258334947671   -6.22806458764035   -6.23490800843643
 -6.24343408214894   -6.25402850299359   -6.26714974220790
 -6.28333407393201   -6.30319567061792   -6.32741844403364
 -6.35673549285531   -6.39189178779589   -6.43358689565365
 -6.48239817816477   -6.53869179662036
 -6.10102982024472   -6.10102983446471   -6.10102985236661
 -6.10102987490376   -6.10102990327636   -6.10102993899534
 -6.10102998396287   -6.10103004057364   -6.10103011184236
 -6.10103020156436   -6.10103031451765   -6.10103045671739
 -6.10103063573623   -6.10103086110752   -6.10103114483308
 -6.10103150202224   -6.10103195169652   -6.10103251780252
 -6.10103323048715   -6.10103412770298   -6.10103525722930
 -6.10103667921629   -6.10103846938807   -6.10104072307483
 -6.10104356028888   -6.10104713211469   -6.10105162875313
 -6.10105728964774   -6.10106441623192   -6.10107338797494
 -6.10108468257979   -6.10109890140643   -6.10111680147078
 -6.10113933571783   -6.10116770370503   -6.10120341538097
 -6.10124837133369   -6.10130496374753   -6.10137620338916
 -6.10146587929792   -6.10157875954573   -6.10172084353791
 -6.10189967894316   -6.10212475957940   -6.10240802457319
 -6.10276448399620   -6.10321300211746   -6.10377727654002
 -6.10448705993104   -6.10537968083906   -6.10650193109594
 -6.10791239910505   -6.10968434000194   -6.11190918348811
 -6.11470078500837   -6.11820052074541   -6.12258330345805
 -6.12806454191888   -6.13490796308575   -6.14343403725979
 -6.15402845867720   -6.16714969859957   -6.18333403119477
 -6.20319562894570   -6.22741840365328   -6.25673545402633
 -6.29189175080635   -6.33358686081042   -6.38239814577637
 -6.43869176697173   -6.50253833374741
 -6.00102977505768   -6.00102979295958   -6.00102981549674
 -6.00102984386934   -6.00102987958832   -6.00102992455585
 -6.00102998116662   -6.00103005243535   -6.00103014215736
 -6.00103025511066   -6.00103039731041   -6.00103057632925
 -6.00103080170057   -6.00103108542614   -6.00103144261533
 -6.00103189228964   -6.00103245839567   -6.00103317108035
 -6.00103406829625   -6.00103519782264   -6.00103661980973
 -6.00103840998164   -6.00104066366855   -6.00104350088279
 -6.00104707270884   -6.00105156934759   -6.00105723024259
 -6.00106435682726   -6.00107332857089   -6.00108462317651
 -6.00109884200413   -6.00111674206970   -6.00113927631829
 -6.00116764430744   -6.00120335598581   -6.00124831194161
 -6.00130490435932   -6.00137614400582   -6.00146581992072
 -6.00157870017624   -6.00172078417814   -6.00189961959562
 -6.00212470024726   -6.00240796526042   -6.00276442470780
 -6.00321294285973   -6.00377721732089   -6.00448700076044
 -6.00537962172950   -6.00650187206311   -6.00791234016865
 -6.00968428118666   -6.01190912482489   -6.01470072653592
 -6.01820046251204   -6.02258324552398   -6.02806448435894
 -6.03490790599261   -6.04343398074769   -6.05402840288617
 -6.06714964369994   -6.08333397739177   -6.10319557648348
 -6.12741835281743   -6.15673540514354   -6.19189170423928
 -6.23358681694539   -6.28239810500178   -6.33869172964632
 -6.40253830016032   -6.47365850697889
 -5.90102971817056   -5.90102974070772   -5.90102976908032
 -5.90102980479930   -5.90102984976684   -5.90102990637762
 -5.90102997764635   -5.90103006736837   -5.90103018032167
 -5.90103032252144   -5.90103050154030   -5.90103072691163
 -5.90103101063723   -5.90103136782645   -5.90103181750080
 -5.90103238360688   -5.90103309629162   -5.90103399350759
 -5.90103512303408   -5.90103654502130   -5.90103833519336
 -5.90104058888046   -5.90104342609494   -5.90104699792131
 -5.90105149456044   -5.90105715545593   -5.90106428204122
 -5.90107325378562   -5.90108454839221   -5.90109876722105
 -5.90111666728816   -5.90113920153869   -5.90116756953028
 -5.90120328121173   -5.90124823717140   -5.90130482959399
 -5.90137606924662   -5.90146574516924   -5.90157862543448
 -5.90172070944861   -5.90189954488149   -5.90212462555251
 -5.90240789059006   -5.90276435006813   -5.90321286825868
 -5.90377714276841   -5.90448692626906   -5.90537954731496
 -5.90650179774517   -5.90791226597211   -5.90968420714261
 -5.91190905097227   -5.91470065292345   -5.91820038920057
 -5.92258317258931   -5.92806441189527   -5.93490783411661
 -5.94343390960318   -5.95402833264941   -5.96714957458539
 -5.98333390965781   -6.00319551043745   -6.02741828881887
 -6.05673534360375   -6.09189164561482   -6.13358676172258
 -6.18239805366961   -6.23869168265640   -6.30253825787668
 -6.37365846962561   -6.45142473613924
 -5.80102964655391   -5.80102967492651   -5.80102971064550
 -5.80102975561305   -5.80102981222383   -5.80102988349257
 -5.80102997321459   -5.80103008616791   -5.80103022836769
 -5.80103040738657   -5.80103063275793   -5.80103091648356
 -5.80103127367282   -5.80103172334722   -5.80103228945336
 -5.80103300213818   -5.80103389935425   -5.80103502888086
 -5.80103645086823   -5.80103824104048   -5.80104049472783
 -5.80104333194262   -5.80104690376937   -5.80105140040899
 -5.80105706130509   -5.80106418789115   -5.80107315963653
 -5.80108445424434   -5.80109867307473   -5.80111657314378
 -5.80113910739675   -5.80116747539142   -5.80120318707674
 -5.80124814304128   -5.80130473547000   -5.80137597513035
 -5.80146565106269   -5.80157853134017   -5.80172061536971
 -5.80189945082197   -5.80212453151738   -5.80240779658564
 -5.80276425610234   -5.80321277434150   -5.80377704891239
 -5.80448683248997   -5.80537945363260   -5.80650170418442
 -5.80791217256419   -5.80968411392666   -5.81190895799733
 -5.81470056025084   -5.81820029690688   -5.82258308076999
 -5.82806432066891   -5.83490774363008   -5.84343382003753
 -5.85402824422656   -5.86714948757533   -5.88333382438579
 -5.90319542729042   -5.92741820824946   -5.95673526612974
 -5.99189157181097   -6.03358669220119   -6.08239798904623
 -6.13869162349959   -6.20253820464473   -6.27365842260062
 -6.35142469537550   -6.43493141617010
 -5.70102955639388   -5.70102959211288   -5.70102963708043
 -5.70102969369122   -5.70102976495997   -5.70102985468201
 -5.70102996763534   -5.70103010983514   -5.70103028885404
 -5.70103051422543   -5.70103079795110   -5.70103115514041
 -5.70103160481486   -5.70103217092109   -5.70103288360600
 -5.70103378082219   -5.70103491034896   -5.70103633233652
 -5.70103812250902   -5.70104037619668   -5.70104321341185
 -5.70104678523909   -5.70105128187933   -5.70105694277620
 -5.70106406936323   -5.70107304110983   -5.70108433571919
 -5.70109855455151   -5.70111645462300   -5.70113898887905
 -5.70116735687759   -5.70120306856779   -5.70124802453846
 -5.70130461697490   -5.70137585664498   -5.70146553258956
 -5.70157841288244   -5.70172049693136   -5.70189933240803
 -5.70212441313416   -5.70240767824106   -5.70276413780641
 -5.70321265610677   -5.70377693075465   -5.70448671442907
 -5.70537933569348   -5.70650158639840   -5.70791205497057
 -5.70968399657472   -5.71190884094879   -5.71470044358292
 -5.71820018071600   -5.72258296517629   -5.72806420582171
 -5.73490762971427   -5.74343370728104   -5.75402813290878
 -5.76714937803613   -5.78333371703467   -5.80319532261450
 -5.82741810681856   -5.85673516859572   -5.89189147889743
 -5.93358660467892   -5.98239790769021   -6.03869154902558
 -6.10253813762967   -6.17365836339965   -6.25142464405699
 -6.33493137249162   -6.42312048760011
 -5.60102944288912   -5.60102948785668   -5.60102954446748
 -5.60102961573624   -5.60102970545829   -5.60102981841165
 -5.60102996061147   -5.60103013963040   -5.60103036500183
 -5.60103064872755   -5.60103100591692   -5.60103145559145
 -5.60103202169777   -5.60103273438281   -5.60103363159915
 -5.60103476112611   -5.60103618311392   -5.60103797328673
 -5.60104022697477   -5.60104306419044   -5.60104663601829
 -5.60105113265929   -5.60105679355714   -5.60106392014540
 -5.60107289189354   -5.60108418650484   -5.60109840533960
 -5.60111630541417   -5.60113883967409   -5.60116720767750
 -5.60120291937383   -5.60124787535223   -5.60130446779839
 -5.60137570748071   -5.60146538344069   -5.60157826375297
 -5.60172034782630   -5.60189918333368   -5.60212426409848
 -5.60240752925405   -5.60276398888063   -5.60321250725803
 -5.60377678200284   -5.60448656579918   -5.60537918721690
 -5.60650143811456   -5.60791190692894   -5.60968384883735
 -5.61190869359339   -5.61470029670669   -5.61820003444032
 -5.62258281965243   -5.62806406123763   -5.63490748630274
 -5.64343356532901   -5.65402799276797   -5.66714924013443
 -5.68333358188760   -5.70319519083529   -5.72741797912460
 -5.75673504580765   -5.79189136192619   -5.83358649449490
 -5.88239780526903   -5.93869145526833   -6.00253805326269
 -6.07365828887003   -6.15142457945080   -6.23493131750367
 -6.32312044157126   -6.41492463956698
 -5.50102929999507   -5.50102935660588   -5.50102942787466
 -5.50102951759673   -5.50102963055011   -5.50102977274996
 -5.50102995176894   -5.50103017714041   -5.50103046086619
 -5.50103081805564   -5.50103126773027   -5.50103183383671
 -5.50103254652190   -5.50103344373844   -5.50103457326565
 -5.50103599525376   -5.50103778542695   -5.50104003911549
 -5.50104287633176   -5.50104644816039   -5.50105094480237
 -5.50105660570144   -5.50106373229124   -5.50107270404132
 -5.50108399865506   -5.50109821749290   -5.50111611757134
 -5.50113865183613   -5.50116701984568   -5.50120273154973
 -5.50124768753786   -5.50130427999626   -5.50137551969398
 -5.50146519567336   -5.50157807601005   -5.50172016011411
 -5.50189899566017   -5.50212407647365   -5.50240734169048
 -5.50276380139415   -5.50321231986854   -5.50377659473537
 -5.50448637868519   -5.50537900029593   -5.50650125143623
 -5.50791172055555   -5.50968366284699   -5.51190850808389
 -5.51470011180043   -5.51819985029012   -5.52258263644871
 -5.52806387921702   -5.53490730575828   -5.54343338662197
 -5.55402781634111   -5.56714906652644   -5.58333341174747
 -5.60319502493508   -5.62741781836741   -5.65673489122660
 -5.69189121466810   -5.73358635578141   -5.78239767632838
 -5.83869133723493   -5.90253794705094   -5.97365819504280
 -6.05142449811642   -6.13493124827793   -6.22312038362436
 -6.31492459174415   -6.40938482509849
 -5.40102912010209   -5.40102919137089   -5.40102928109298
 -5.40102939404639   -5.40102953624628   -5.40102971526530
 -5.40102994063684   -5.40103022436270   -5.40103058155224
 -5.40103103122700   -5.40103159733359   -5.40103231001897
 -5.40103320723576   -5.40103433676327   -5.40103575875177
 -5.40103754892545   -5.40103980261460   -5.40104263983165
 -5.40104621166125   -5.40105070830445   -5.40105636920506
 -5.40106349579680   -5.40107246754933   -5.40108376216614
 -5.40109798100785   -5.40111588109117   -5.40113841536210
 -5.40116678337937   -5.40120249509314   -5.40124745109351
 -5.40130404356732   -5.40137528328444   -5.40146495928824
 -5.40157783965566   -5.40171992379841   -5.40189875939316
 -5.40212384026792   -5.40240710556187   -5.40276356536259
 -5.40321208395910   -5.40377635897954   -5.40448614312259
 -5.40537876497631   -5.40650101642209   -5.40791148592529
 -5.40968342869895   -5.41190827454122   -5.41469987901719
 -5.41819961845869   -5.42258240580882   -5.42806365006660
 -5.43490707846622   -5.44343316164307   -5.45402759423281
 -5.46714884796688   -5.48333319755370   -5.50319481607903
 -5.52741761598604   -5.55673469662054   -5.59189102928110
 -5.63358618115143   -5.68239751400168   -5.73869118863965
 -5.80253781333823   -5.87365807692128   -5.95142439572247
 -6.03493116112787   -6.12312031067353   -6.21492453153878
 -6.30938477597144   -6.40571591917096
 -5.30102889363018   -5.30102898335231   -5.30102909630576
 -5.30102923850570   -5.30102941752478   -5.30102964289639
 -5.30102992662235   -5.30103028381201   -5.30103073348692
 -5.30103129959371   -5.30103201227934   -5.30103290949643
 -5.30103403902433   -5.30103546101332   -5.30103725118761
 -5.30103950487754   -5.30104234209556   -5.30104591392638
 -5.30105041057112   -5.30105607147367   -5.30106319806786
 -5.30107216982346   -5.30108346444414   -5.30109768329073
 -5.30111558338018   -5.30113811765883   -5.30116648568583
 -5.30120219741185   -5.30124715342762   -5.30130374592083
 -5.30137498566237   -5.30146466169691   -5.30157754210302
 -5.30171962629447   -5.30189846195053   -5.30212354290243
 -5.30240680829348   -5.30276326821637   -5.30321178696661
 -5.30377606218045   -5.30448584656675   -5.30537846872636
 -5.30650072055671   -5.30791119054320   -5.30968313392393
 -5.31190798052832   -5.31469958596036   -5.31819932660013
 -5.32258211545033   -5.32806336158322   -5.33490679232239
 -5.34343287841132   -5.35402731461493   -5.36714857281660
 -5.38333292789963   -5.40319455314476   -5.42741736120292
 -5.45673445162596   -5.49189079589263   -5.53358596130525
 -5.58239730964442   -5.63869100156923   -5.70253764500387
 -5.77365792821506   -5.85142426681611   -5.93493105141243
 -6.02312021883386   -6.11492445574469   -6.20938471412413
 -6.30571586913358   -6.40332015832493
 -5.20102860851886   -5.20102872147236   -5.20102886367236
 -5.20102904269152   -5.20102926806323   -5.20102955178931
 -5.20102990897913   -5.20103035865423   -5.20103092476127
 -5.20103163744720   -5.20103253466468   -5.20103366419307
 -5.20103508618267   -5.20103687635774   -5.20103913004863
 -5.20104196726788   -5.20104553910024   -5.20105003574693
 -5.20105569665192   -5.20106282324918   -5.20107179500865
 -5.20108308963421   -5.20109730848693   -5.20111520858411
 -5.20113774287249   -5.20116611091172   -5.20120182265315
 -5.20124677868833   -5.20130337120596   -5.20137461097824
 -5.20146428705147   -5.20157716750630   -5.20171925175906
 -5.20189808749229   -5.20212316854132   -5.20240643405459
 -5.20276289413130   -5.20321141307507   -5.20377568853238
 -5.20448547322492   -5.20537809576964   -5.20650034808413
 -5.20791081867904   -5.20968276282403   -5.21190761038787
 -5.21469921702353   -5.21819895917183   -5.22258174991050
 -5.22806299840402   -5.23490643208850   -5.24343252184355
 -5.25402696259673   -5.26714822642280   -5.28333258842514
 -5.30319422213000   -5.32741704044985   -5.35673414319593
 -5.39189050207384   -5.43358568453520   -5.48239705237377
 -5.53869076606143   -5.60253743308339   -5.67365774100497
 -5.75142410453256   -5.83493091328883   -5.92312010321454
 -6.01492436032556   -6.10938463626298   -6.20571580614023
 -6.30332010767311   -6.40176483208467
 -5.10102824958484   -5.10102839178492   -5.10102857080418
 -5.10102879617601   -5.10102907990225   -5.10102943709226
 -5.10102988676761   -5.10103045287495   -5.10103116556127
 -5.10103206277924   -5.10103319230824   -5.10103461429861
 -5.10103640447465   -5.10103865816677   -5.10104149538756
 -5.10104506722186   -5.10104956387099   -5.10105522477906
 -5.10106235138019   -5.10107132314454   -5.10108261777623
 -5.10109683663668   -5.10111473674358   -5.10113727104420
 -5.10116563909885   -5.10120135085968   -5.10124630691928
 -5.10130289946765   -5.10137413927864   -5.10146381540059
 -5.10157669591674   -5.10171878024669   -5.10189761607707
 -5.10212269724837   -5.10240596291553   -5.10276242318588
 -5.10321094237328   -5.10377521813710   -5.10448500321517
 -5.10537762624472   -5.10649987916870   -5.10791035052957
 -5.10968229563670   -5.11190714440842   -5.11469875255935
 -5.11819849660677   -5.12258128972289   -5.12806254118827
 -5.13490597858069   -5.14343207295110   -5.15402651943187
 -5.16714779033863   -5.18333216105187   -5.20319380540690
 -5.22741663664546   -5.25673375490534   -5.29189013217772
 -5.33358533610219   -5.38239672848907   -5.43869046957455
 -5.50253716629119   -5.57365750532132   -5.65142390022960
 -5.73493073940146   -5.82311995765839   -5.91492424019997
 -6.00938453824157   -6.10571572683630   -6.20332004390625
 -6.30176478103127   -6.40074255205894
 -5.00102779771347   -5.00102797673285   -5.00102820210484
 -5.00102848583126   -5.00102884302152   -5.00102929269717
 -5.00102985880490   -5.00103057149171   -5.00103146871030
 -5.00103259824007   -5.00103402023141   -5.00103581040868
 -5.00103806410234   -5.00104090132506   -5.00104447316181
 -5.00104896981401   -5.00105463072595   -5.00106175733196
 -5.00107072910244   -5.00108202374186   -5.00109624261204
 -5.00111414273118   -5.00113667704721   -5.00116504512126
 -5.00120075690652   -5.00124571299686   -5.00130230558395
 -5.00137354544365   -5.00146322162694   -5.00157610222029
 -5.00171818664741   -5.00189702260010   -5.00212210392534
 -5.00240536978622   -5.00276183030034   -5.00321034979447
 -5.00377462594417   -5.00448441150760   -5.00537703514749
 -5.00649928883879   -5.00790976116394   -5.00968170748234
 -5.01190655777470   -5.01469816783323   -5.01819791427151
 -5.02258071038067   -5.02806196558739   -5.03490540764782
 -5.04343150782864   -5.05402596152002   -5.06714724134084
 -5.08333162302047   -5.10319328078328   -5.12741612828554
 -5.15673326607615   -5.19188966650582   -5.23358489745075
 -5.28239632074215   -5.33869009631947   -5.40253683041954
 -5.47365720861305   -5.55142364302730   -5.63493052049015
 -5.72311977441399   -5.81492408897077   -5.90938441483989
 -6.00571562699854   -6.10331996362850   -6.20176471675885
 -6.30074250075650   -6.40004623399310
 -4.90102722884078   -4.90102745421296   -4.90102773793963
 -4.90102809513019   -4.90102854480623   -4.90102911091445
 -4.90102982360187   -4.90103072082123   -4.90103185035197
 -4.90103327234454   -4.90103506252335   -4.90103731621895
 -4.90104015344412   -4.90104372528394   -4.90104822194002
 -4.90105388285683   -4.90106100946897   -4.90106998124718
 -4.90108127589633   -4.90109549477874   -4.90111339491330
 -4.90113592924873   -4.90116429734721   -4.90120000916321
 -4.90124496529227   -4.90130155792808   -4.90137279784913
 -4.90146247410962   -4.90157535480016   -4.90171743934963
 -4.90189627545629   -4.90212135697532   -4.90240462308009
 -4.90276108390110   -4.90320960378138   -4.90377388041686
 -4.90448366659132   -4.90537629099960   -4.90649854565689
 -4.90790901919601   -4.90968096703930   -4.91190581924602
 -4.91469743170609   -4.91819718115428   -4.92257998103145
 -4.92806124094826   -4.93490468888538   -4.94343079638106
 -4.95402525915007   -4.96714655019304   -4.98333094567855
 -5.00319262032077   -5.02741548829783   -5.05673265067620
 -5.09188908025918   -5.13358434522090   -5.18239580741881
 -5.23868962641884   -5.30253640758190   -5.37365683507922
 -5.45142331922859   -5.53493024489698   -5.62311954372284
 -5.71492389858440   -5.80938425948633   -5.90571550131021
 -6.00331986256479   -6.10176463584466   -6.20074243617054
 -6.30004618251920   -6.39962411558646
 -4.80102651267195   -4.80102679639893   -4.80102715358988
 -4.80102760326641   -4.80102816937524   -4.80102888206343
 -4.80102977928376   -4.80103090881573   -4.80103233080984
 -4.80103412099059   -4.80103637468863   -4.80103921191688
 -4.80104278376057   -4.80104728042152   -4.80105294134447
 -4.80106006796434   -4.80106903975227   -4.80108033441366
 -4.80109455331149   -4.80111245346545   -4.80113498782531
 -4.80116335595454   -4.80119906780925   -4.80124402398704
 -4.80130061668419   -4.80137185668246   -4.80146153304016
 -4.80157441385306   -4.80171649855654   -4.80189533485705
 -4.80212041662005   -4.80240368303184   -4.80276014423922
 -4.80320866460563   -4.80377294185268   -4.80448272879638
 -4.80537535417200   -4.80649761004540   -4.80790808511281
 -4.80968003487584   -4.81190488949259   -4.81469650497602
 -4.81819625821348   -4.82257906283430   -4.82806032868075
 -4.83490378401619   -4.84342990072075   -4.85402437491784
 -4.86714568008867   -4.88333009295476   -4.90319178884692
 -4.92741468260026   -4.95673187593281   -4.99188834221769
 -5.03358365000406   -5.08239516118242   -5.13868903484846
 -5.20253587526039   -5.27365636482762   -5.35142291158987
 -5.43492989794552   -5.52311925329974   -5.61492365890205
 -5.70938406390771   -5.80571534307792   -5.90331973533308
 -6.00176453397969   -6.10074235486163   -6.20004611771739
 -6.29962406396232   -6.39937091275147
 -4.70102561106796   -4.70102596825940   -4.70102641793654
 -4.70102698404615   -4.70102769673531   -4.70102859395687
 -4.70102972349038   -4.70103114548643   -4.70103293566962
 -4.70103518937074   -4.70103802660286   -4.70104159845142
 -4.70104609511851   -4.70105175604918   -4.70105888267878
 -4.70106785447895   -4.70107914915576   -4.70109336807299
 -4.70111126825137   -4.70113380264199   -4.70116217080993
 -4.70119788271338   -4.70124283895251   -4.70129943172689
 -4.70137067182238   -4.70146034830245   -4.70157322926940
 -4.70171531416676   -4.70189415071131   -4.70211923278145
 -4.70240249957977   -4.70275896127355   -4.70320748225196
 -4.70377176026893   -4.70448154818105   -4.70537417477449
 -4.70649643217887   -4.70790690917029   -4.70967886135013
 -4.71190371900094   -4.71469533829056   -4.71819509629843
 -4.72257790689115   -4.72805918020260   -4.73490264485197
 -4.74342877314984   -4.75402326173404   -4.76714458469082
 -4.78332901943779   -4.80319074208209   -4.82741366828588
 -4.85673090058749   -4.89188741307739   -4.93358277477687
 -4.98239434761807   -5.03868829010464   -5.10253520510659
 -5.17365577281533   -5.25142239840264   -5.33492946115914
 -5.42311888767844   -5.51492335715965   -5.60938381768868
 -5.70571514387519   -5.80331957515778   -5.90176440573926
 -6.00074225249975   -6.10004603613673   -6.19962399897137
 -6.29937086105458   -6.39921118443281
 -4.60102447601444   -4.60102492569236   -4.60102549180293
 -4.60102620449332   -4.60102710171642   -4.60102823125187
 -4.60102965325036   -4.60103144343663   -4.60103369714162
 -4.60103653437861   -4.60104010623331   -4.60104460290813
 -4.60105026384853   -4.60105739049036   -4.60106636230595
 -4.60107765700216   -4.60109187594382   -4.60110977615296
 -4.60113231058229   -4.60116067879896   -4.60119639076376
 -4.60124134708013   -4.60129793995174   -4.60136918016961
 -4.60145885680375   -4.60157173796461   -4.60171382310607
 -4.60189265995784   -4.60211774241465   -4.60240100969959
 -4.60275747200571   -4.60320599375458   -4.60377027274083
 -4.60448006187212   -4.60537268999869   -4.60649494933049
 -4.60790542874409   -4.60967738396651   -4.61190224543699
 -4.61469386951833   -4.61819363353179   -4.62257645164270
 -4.62805773435203   -4.63490121072699   -4.64342735361999
 -4.65402186031651   -4.66714320566451   -4.68332766795793
 -4.70318942428121   -4.72741239133778   -4.75672967269862
 -4.79188624335728   -4.83358167292948   -4.88239332339974
 -4.93868735252639   -5.00253436143181   -5.07365502751506
 -5.15142175233745   -5.23492891127708   -5.32311842738806
 -5.41492297728818   -5.50938350771707   -5.60571489309367
 -5.70331937350894   -5.80176424429407   -5.90074212363373
 -6.00004593343274   -6.09962391715260   -6.19937079597205
 -6.29921113269169   -6.39911025407749
 -4.50102304706458   -4.50102361317638   -4.50102432586831
 -4.50102522309335   -4.50102635263124   -4.50102777463282
 -4.50102956482295   -4.50103181853282   -4.50103465577595
 -4.50103822763838   -4.50104272432291   -4.50104838527556
 -4.50105551193281   -4.50106448376780   -4.50107577848844
 -4.50108999746085   -4.50110789770870   -4.50113043218677
 -4.50115880046480   -4.50119451250684   -4.50123946892044
 -4.50129606191445   -4.50136730228640   -4.50145697911448
 -4.50156986051948   -4.50171194596823   -4.50189078320678
 -4.50211586615038   -4.50239913404793   -4.50275559712495
 -4.50320411984377   -4.50376840005027   -4.50447819071641
 -4.50537082077309   -4.50649308253135   -4.50790356499431
 -4.50967552404712   -4.51190039032628   -4.51469202044005
 -4.51819179201411   -4.52257461958990   -4.52805591413048
 -4.53489940526709   -4.54342556653431   -4.55402009603294
 -4.56714146956987   -4.58332596654228   -4.60318776526499
 -4.62741078375226   -4.65672812687514   -4.69188477076412
 -4.73358028578321   -4.78239203398290   -4.83868617218322
 -4.90253329930639   -4.97365408923612   -5.05142093898837
 -5.13492821901567   -5.22311784791614   -5.31492249905785
 -5.40938311748562   -5.50571457737822   -5.60331911964795
 -5.70176404104652   -5.80074196140097   -5.90004580413604
 -5.99962381414885   -6.09937071403798   -6.19921106755347
 -6.29911020230837   -6.39904651117946
 -4.40102124811990   -4.40102196081378   -4.40102285804125
 -4.40102398758222   -4.40102540958767   -4.40102719978268
 -4.40102945349868   -4.40103229074953   -4.40103586262169
 -4.40104035931847   -4.40104602028653   -4.40105314696318
 -4.40106211882261   -4.40107341357399   -4.40108763258512
 -4.40110553288172   -4.40112806742114   -4.40115643577641
 -4.40119214791569   -4.40123710445170   -4.40129369759980
 -4.40136493816572   -4.40145461523798   -4.40156749695033
 -4.40170958278594   -4.40188842051141   -4.40211350406784
 -4.40239677273663   -4.40275323678414   -4.40320176072407
 -4.40376604246677   -4.40447583506517   -4.40536846755173
 -4.40649073236473   -4.40790121866662   -4.40967318254161
 -4.41189805487457   -4.41468969258272   -4.41818947367504
 -4.42257231316642   -4.42805362260171   -4.43489713232218
 -4.44342331672123   -4.45401787492609   -4.46713928395087
 -4.48332382458166   -4.50318567668222   -4.52740875991709
 -4.55672618079399   -4.59188291687473   -4.63357853946539
 -4.68239041069951   -4.73868468621587   -4.80253196216683
 -4.87365290801054   -4.95141991504064   -5.03492734750873
 -5.12311711840314   -5.21492189700078   -5.30938262621280
 -5.40571417991566   -5.50331880005566   -5.60176378517286
 -5.70074175716193   -5.80004564136108   -5.89962368447477
 -5.99937061088908   -6.09921098554930   -6.19911013713490
 -6.29904645939263   -6.39900626812615
 -4.30101898337736   -4.30101988060791   -4.30102101015275
 -4.30102243216307   -4.30102422236422   -4.30102647608795
 -4.30102931334853   -4.30103288523293   -4.30103738194512
 -4.30104304293258   -4.30105016963367   -4.30105914152385
 -4.30107043631395   -4.30108465537382   -4.30110255573177
 -4.30112509034844   -4.30115345880096   -4.30118917106265
 -4.30123412775276   -4.30129072109485   -4.30136196190497
 -4.30145163928462   -4.30156452138390   -4.30170660770655
 -4.30188544604502   -4.30211053037296   -4.30239380001267
 -4.30275026528197   -4.30319879075919   -4.30376307443586
 -4.30447286946685   -4.30536550501244   -4.30648777367116
 -4.30789826480597   -4.30967023475176   -4.31189511470600
 -4.31468676197495   -4.31818655505010   -4.32256940954236
 -4.32805073772903   -4.33489427084527   -4.34342048436566
 -4.35401507870963   -4.36713653241111   -4.38332112800471
 -4.40318304730424   -4.42740621205177   -4.45672373081553
 -4.49188058295923   -4.53357634097498   -4.58238836710087
 -4.63868281548855   -4.70253027880333   -4.77365142093188
 -4.85141862596381   -4.93492625034420   -5.02311619999900
 -5.11492113905463   -5.20938200773614   -5.30571367953940
 -5.40331839771244   -5.50176346304678   -5.60074150004006
 -5.70004543643944   -5.79962352122471   -5.89937048103226
 -5.99921088231213   -6.09911005508634   -6.19904639419686
 -6.29900621632813   -6.39898086690604
 -4.20101613222691   -4.20101726177662   -4.20101868379308
 -4.20102047400195   -4.20102272773540   -4.20102556500823
 -4.20102913690804   -4.20103363363964   -4.20103929465153
 -4.20104642138337   -4.20105539331227   -4.20106668815111
 -4.20108090727235   -4.20109880770754   -4.20112134242146
 -4.20114971099639   -4.20118542341220   -4.20123038029632
 -4.20128697388263   -4.20135821500018   -4.20144789276682
 -4.20156077535322   -4.20170286228900   -4.20188170139920
 -4.20210678669841   -4.20239005756046   -4.20274652436790
 -4.20319505178045   -4.20375933789187   -4.20446913598530
 -4.20536177538200   -4.20648404888220   -4.20789454610134
 -4.20966652368983   -4.21189141323874   -4.21468307254407
 -4.21818288070475   -4.22256575408207   -4.22804710587542
 -4.23489066844530   -4.24341691862743   -4.25401155846803
 -4.26713306841436   -4.28331773320233   -4.30317973710069
 -4.32740300446703   -4.35672064646358   -4.39187764472256
 -4.43357357322919   -4.48238579435318   -4.53868046037403
 -4.60252815956706   -4.67364954880479   -4.75141700310748
 -4.83492486909224   -4.92311504379400   -5.01492018485505
 -5.10938122911885   -5.20571304960213   -5.30331789119177
 -5.40176305751369   -5.50074117634257   -5.60004517845823
 -5.69962331570496   -5.79937031755216   -5.89921075234420
 -5.99910995179330   -6.09904631212024   -6.19900615111828
 -6.29898081510096   -6.39896483600622
 -4.10101254282766   -4.10101396485184   -4.10101575507043
 -4.10101800881613   -4.10102084610437   -4.10102441802359
 -4.10102891477962   -4.10103457582227   -4.10104170259282
 -4.10105067457046   -4.10106196947067   -4.10107618866915
 -4.10109408920160   -4.10111662403794   -4.10114499276700
 -4.10118070537682   -4.10122566250517   -4.10128225639894
 -4.10135349790352   -4.10144317615735   -4.10155605935700
 -4.10169814706468   -4.10187698714643   -4.10210207366841
 -4.10238534606929   -4.10274181481316   -4.10319034466217
 -4.10375463383875   -4.10446443578759   -4.10535708003258
 -4.10647935962787   -4.10788986450676   -4.10966185171688
 -4.11188675334482   -4.11467842780313   -4.11817825495545
 -4.12256115210777   -4.12804253362032   -4.13488613327032
 -4.14341242960706   -4.15400712672480   -4.16712870747957
 -4.18331345937853   -4.20317556978107   -4.22739896633752
 -4.25671676347583   -4.29187394568409   -4.33357008882728
 -4.38238255544081   -4.43867749544726   -4.50252549159526
 -4.57364719192696   -4.65141496004484   -4.73492313019326
 -4.82311358821388   -4.91491898358594   -5.00938024889567
 -5.10571225655671   -5.20331725351911   -5.30176254697719
 -5.40074076883119   -5.50004485367889   -5.59962305697078
 -5.69937011174280   -5.79921058872421   -5.89910982175504
 -5.99904620879188   -6.09900606902393   -6.19898074988221
 -6.29896478419667   -6.39895471967319
 -4.00100802402034   -4.00100981425118   -4.00101206801229
 -4.00101490531994   -4.00101847726358   -4.00102297405037
 -4.00102863513174   -4.00103576195104   -4.00104473399004
 -4.00105602896750   -4.00107024826323   -4.00108814891811
 -4.00111068390858   -4.00113905283166   -4.00117476568573
 -4.00121972312157   -4.00127631740241   -4.00134755939424
 -4.00143723826140   -4.00155012223309   -4.00169221091254
 -4.00187105221741   -4.00209614027877   -4.00237941461694
 -4.00273588579863   -4.00318441871497   -4.00374871175039
 -4.00445851855294   -4.00535116890159   -4.00647345617020
 -4.00788397069218   -4.00965597001530   -4.01188088684993
 -4.01467258038482   -4.01817243144635   -4.02255535852980
 -4.02803677745682   -4.03488042378821   -4.04340677823053
 -4.05400154745636   -4.06712321735424   -4.08330807892016
 -4.10317032340439   -4.12739388260267   -4.15671187505422
 -4.19186928884256   -4.23356570219916   -4.28237847786806
 -4.33867376280462   -4.40252213279971   -4.47364422477856
 -4.55141238796939   -4.63492094103997   -4.72311175574032
 -4.81491747127295   -4.90937901486453   -5.00571125816947
 -5.10331645073535   -5.20176190424888   -5.30074025580415
 -5.40004444480554   -5.49962273124349   -5.59936985264401
 -5.69921038273874   -5.79910965804649   -5.89904607870913
 -5.99900596567323   -6.09898066777666   -6.19896471897231
 -6.29895466786083   -6.39894833609360
 -3.90100233514508   -3.90100458892560   -3.90100742625767
 -3.90101099823208   -3.90101549505758   -3.90102115618769
 -3.90102828306836   -3.90103725518461   -3.90104855025933
 -3.90106276967749   -3.90108067048650   -3.90110320567100
 -3.90113157483835   -3.90116728799993   -3.90121224582286
 -3.90126884059099   -3.90134008319623   -3.90142976283555
 -3.90154264777919   -3.90168473768204   -3.90186358052673
 -3.90208867052607   -3.90237194730316   -3.90272842155391
 -3.90317695833182   -3.90374125622526   -3.90445106913831
 -3.90534372717108   -3.90646602409988   -3.90787655076191
 -3.90964856533449   -3.91187350131336   -3.91466521886441
 -3.91816510002608   -3.92254806479088   -3.92802953082028
 -3.93487323592050   -3.94339966351398   -3.95399452351924
 -3.96711630564253   -3.98330130527209   -4.00316371855659
 -4.02738748251052   -4.05670572084904   -4.09186342618206
 -4.13356017972034   -4.18237334447061   -4.23866906365268
 -4.30251790429801   -4.37364048933628   -4.45140914989927
 -4.53491818504472   -4.62310944878211   -4.71491556737610
 -4.80937746130615   -4.90571000127092   -5.00331544008818
 -5.10176109510039   -5.20073960994042   -5.30004393006388
 -5.39962232117675   -5.49936952645772   -5.59921012341825
 -5.69910945194955   -5.79904591494459   -5.89900583556238
 -5.99898056441187   -6.09896463685969   -6.19895460263292
 -6.29894828427946   -6.39894430808628
 -3.80099517322173   -3.80099801058456   -3.80100158259769
 -3.80100607947194   -3.80101174066341   -3.80101886762133
 -3.80102783983484   -3.80103913503200   -3.80105335460430
 -3.80107125560735   -3.80109379103613   -3.80112216051099
 -3.80115787405969   -3.80120283236996   -3.80125942775156
 -3.80133067112904   -3.80142035174046   -3.80153323790772
 -3.80167532935074   -3.80185417413397   -3.80207926657311
 -3.80236254642065   -3.80271902453516   -3.80316756617454
 -3.80373187018393   -3.80444169078970   -3.80533435849630
 -3.80645666758668   -3.80786720953225   -3.80963924330295
 -3.81186420338320   -3.81465595116910   -3.81815587022496
 -3.82253888242821   -3.82802040775657   -3.83486418684309
 -3.84339070652931   -3.85398568082023   -3.86710760422837
 -3.88329277767153   -3.90315540346519   -3.92737942519399
 -3.95669797308927   -3.99185604545946   -4.03355322726610
 -4.08236688184667   -4.13866314771817   -4.20251258088440
 -4.27363578665539   -4.35140507338043   -4.43491471542922
 -4.52310654447683   -4.61491317049996   -4.70937550548377
 -4.80570841892386   -4.90331416775514   -5.00176007644043
 -5.10073879684464   -5.20004328204156   -5.29962180493270
 -5.39936911581312   -5.49920979695285   -5.59910919248872
 -5.69904570877716   -5.79900567176247   -5.89898043428327
 -5.99896453348600   -6.09895452051584   -6.19894821904931
 -6.29894425627101   -6.39894176648955
 -3.70098615680929   -3.70098972887116   -3.70099422580678
 -3.70099988707551   -3.70100701413069   -3.70101598646664
 -3.70102728181793   -3.70104150158428   -3.70105940283162
 -3.70108193856793   -3.70111030842994   -3.70114602246600
 -3.70119098138979   -3.70124757754371   -3.70131882189341
 -3.70140850372863   -3.70152139143636   -3.70166348481838
 -3.70184233204211   -3.70206742755281   -3.70235071126585
 -3.70270719424459   -3.70315574200428   -3.70372005371328
 -3.70442988400375   -3.70532256388910   -3.70644488829019
 -3.70785544947682   -3.70962750741681   -3.71185249783927
 -3.71464428368903   -3.71814425045142   -3.72252732237685
 -3.72800892235908   -3.73485279458995   -3.74337943021549
 -3.75397454838532   -3.76709664966279   -3.78328204192713
 -3.80314493525749   -3.82736928151002   -3.85668821911957
 -3.89184675356878   -3.93354447454128   -3.98235874579098
 -4.03865569991431   -4.10250587903182   -4.17362986627121
 -4.25139994129960   -4.33491034740558   -4.42310288814624
 -4.51491015299263   -4.60937304323620   -4.70570642685817
 -4.80331256597698   -4.90175879401979   -5.00073777321530
 -5.10004246622825   -5.19962115501896   -5.29936859884158
 -5.39920938595687   -5.49910886584663   -5.59904544922758
 -5.69900546555049   -5.79898027046100   -5.89896440334619
 -5.99895441713652   -6.09894813692941   -6.19894419103946
 -6.29894171467358   -6.39894016281224
 -3.60097480568360   -3.60097930269648   -3.60098496406247
 -3.60099209124009   -3.60100106373019   -3.60101235927553
 -3.60102657928618   -3.60104448084106   -3.60106701696453
 -3.60109538731394   -3.60113110196356   -3.60117606165974
 -3.60123265878598   -3.60130390435963   -3.60139358773556
 -3.60150647738265   -3.60164857320574   -3.60182742350194
 -3.60205252287956   -3.60233581145906   -3.60269230056160
 -3.60314085602640   -3.60370517742879   -3.60441501991173
 -3.60530771512946   -3.60643005880586   -3.60784064421592
 -3.60961273258369   -3.61183776120528   -3.61462959497533
 -3.61812962179757   -3.62251276890991   -3.62799446287721
 -3.63483845237167   -3.64336523395842   -3.65396053326391
 -3.66708285846916   -3.68326852621751   -3.70313175636222
 -3.72735651117284   -3.75667593941217   -3.79183505559486
 -3.83353345534951   -3.88234850295442   -3.93864632355231
 -4.00249744178534   -4.07362241285447   -4.15139348031707
 -4.23490484833173   -4.32309828505615   -4.41490635414577
 -4.50936994342941   -4.60570391898216   -4.70331054944862
 -4.80175717954194   -4.90073648453851   -5.00004143917772
 -5.09962033682450   -5.19936794801199   -5.29920886854296
 -5.39910845462822   -5.49904512247377   -5.59900520594483
 -5.69898006422089   -5.79896423950982   -5.89895428698964
 -5.99894803354655   -6.09894410891777   -6.19894164944113
 -6.29894011099583   -6.39893915094506
 -3.50096051524915   -3.50096617673759   -3.50097330406936
 -3.50098227675352   -3.50099357254317   -3.50100779286137
 -3.50102569480344   -3.50104823141433   -3.50107660237733
 -3.50111231779940   -3.50115727846798   -3.50121387681830
 -3.50128512393287   -3.50137480924846   -3.50148770133710
 -3.50162980023339   -3.50180865439766   -3.50203375864353
 -3.50231705334964   -3.50267355016174   -3.50312211532689
 -3.50368644893274   -3.50439630676539   -3.50528902128580
 -3.50641138922883   -3.50782200513494   -3.50959413180973
 -3.51181920852208   -3.51461110262132   -3.51811120505585
 -3.52249444682470   -3.52797625911444   -3.53482039623787
 -3.54334736158247   -3.55394288892874   -3.56706549604801
 -3.58325151061727   -3.60311516479495   -3.62734043396075
 -3.65666047987995   -3.69182032843827   -3.73351958274896
 -3.78233560775057   -3.83863451920201   -3.90248681974073
 -3.97361302940875   -4.05138534630224   -4.13489792531618
 -4.22309249004157   -4.31490157163307   -4.40936604097101
 -4.50570076173130   -4.60330801077535   -4.70175514702536
 -4.80073486218452   -4.90004014619385   -4.99961930677626
 -5.09936712866453   -5.19920821715647   -5.29910793693429
 -5.39904471111470   -5.49900487912042   -5.59897980457982
 -5.69896403325194   -5.79895412314436   -5.89894790339520
 -5.99894400553267   -6.09894156731833   -6.19894004576281
 -6.29893909912836   -6.39893851249398
 -3.40094252431911   -3.40094965184494   -3.40095862477341
 -3.40096992087063   -3.40098414157604   -3.40100204400554
 -3.40102458123007   -3.40105295296558   -3.40108866936012
 -3.40113363125290   -3.40119023114430   -3.40126148019879
 -3.40135116795633   -3.40146406311878   -3.40160616588409
 -3.40178502491808   -3.40201013529286   -3.40229343771211
 -3.40264994423017   -3.40309852160763   -3.40366287057709
 -3.40437274773432   -3.40526548655592   -3.40638788504955
 -3.40779853934880   -3.40957071425040   -3.41179585150685
 -3.41458782155784   -3.41808801918487   -3.42247138012203
 -3.42795334137450   -3.43479766435627   -3.44332486104398
 -3.45392067548369   -3.46704363752066   -3.48323008872278
 -3.50309427674039   -3.52732019345843   -3.55664101701203
 -3.59180178760291   -3.63350211776747   -3.68231937327574
 -3.73861965807275   -3.80247344709256   -3.87360121611276
 -3.95137510599446   -4.03488920961056   -4.12308519444348
 -4.21489555073046   -4.30936112801485   -4.40569678695308
 -4.50330481475213   -4.60175258822372   -4.70073281975228
 -4.80003851841749   -4.89961801001848   -4.99936609716474
 -5.09920739710790   -5.19910728519527   -5.29904419324370
 -5.39900446767248   -5.49897947771083   -5.59896377358851
 -5.69895391687528   -5.79894773954430   -5.89894387537851
 -5.99894146393181   -6.09893996363930   -6.19893903389499
 -6.29893846067710   -6.39893810965617
 -3.30091987454286   -3.30092884777891   -3.30094014426335
 -3.30095436545622   -3.30097226849940   -3.30099480649648
 -3.30102317920452   -3.30105889682338   -3.30110386025738
 -3.30116046208894   -3.30123171358572   -3.30132140441759
 -3.30143430344985   -3.30157641108610   -3.30175527625088
 -3.30198039434172   -3.30226370647152   -3.30262022520904
 -3.30306881796132   -3.30363318627298   -3.30434308775914
 -3.30523585717502   -3.30635829413069   -3.30776899676548
 -3.30954123238282   -3.31176644586204   -3.31455851153345
 -3.31805882900430   -3.32244233996999   -3.32792448876108
 -3.33476904573179   -3.34329653367218   -3.35389270955244
 -3.36701611841849   -3.38320311932662   -3.40306797943109
 -3.42729471139673   -3.45661651396816   -3.49177844537091
 -3.53348013000527   -3.58229893468842   -3.63860094849214
 -3.70245661147224   -3.77358634367745   -3.85136221390997
 -3.93487823695681   -4.02307600966007   -4.11488797074294
 -4.20935494288693   -4.30569178294846   -4.40330079116093
 -4.50174936685973   -4.60073024846729   -4.70003646915880
 -4.79961637749101   -4.89936479857954   -4.99920636472546
 -5.09910646470289   -5.19904354128175   -5.29900394968959
 -5.39897906620676   -5.49896344669137   -5.59895365719773
 -5.69894753326814   -5.79894371152406   -5.89894133377587
 -5.99893986025189   -6.09893895177103   -6.19893839544351
 -6.29893805783918   -6.39893785548173
 -3.20089135931250   -3.20090265628443   -3.20091687809101
 -3.20093478190678   -3.20095732087648   -3.20098569480893
 -3.20102141396916   -3.20106637934352   -3.20112298361768
 -3.20119423818924   -3.20128393289160   -3.20139683679583
 -3.20153895056446   -3.20171782344774   -3.20194295125289
 -3.20222627560798   -3.20258280972944   -3.20303142183819
 -3.20359581450114   -3.20430574661673   -3.20519855454996
 -3.20632103992827   -3.20773180341614   -3.20950411547291
 -3.21172942491447   -3.21452161096936   -3.21802207932032
 -3.22240577916787   -3.22788816406507   -3.23473301562171
 -3.24326087024175   -3.25385750116660   -3.26698147257962
 -3.28316916555479   -3.30303487180172   -3.32726263014709
 -3.35658566528300   -3.39174905812730   -3.43345244801741
 -3.48227320308938   -3.53857739368988   -3.60243541596285
 -3.67356761979352   -3.75134598326041   -3.83486442283890
 -3.92306444643409   -4.01487842791350   -4.10934715614133
 -4.20568548319222   -4.30329572570212   -4.40174531136539
 -4.50072701138726   -4.60003388927961   -4.69961432225096
 -4.79936316375147   -4.89920506502907   -4.99910543176171
 -5.09904272050872   -5.19900329758679   -5.29897854815321
 -5.39896303515186   -5.49895333028282   -5.59894727358168
 -5.69894350524343   -5.79894116991918   -5.89893973009482
 -5.99893884838307   -6.09893831331927   -6.19893799260544
 -6.29893780366467   -6.39893769510812
 -3.10085545941485   -3.10086968199408   -3.10088758678254
 -3.10091012697674   -3.10093850245070   -3.10097422355149
 -3.10101919136874   -3.10107579871808   -3.10114705716074
 -3.10123675673598   -3.10134966677395   -3.10149178826314
 -3.10167067086388   -3.10189581089919   -3.10217915064574
 -3.10253570413533   -3.10298434061356   -3.10354876393438
 -3.10425873461192   -3.10515159103786   -3.10627413737950
 -3.10768497748044   -3.10945738577324   -3.11168281602990
 -3.11447515364573   -3.11797581195247   -3.12235974959950
 -3.12784243175093   -3.13468765418721   -3.14321597045214
 -3.15381317427255   -3.16693785392589   -3.18312641820653
 -3.20299318973954   -3.22722224028985   -3.25654682721819
 -3.29171206001298   -3.33341759681856   -3.38224080743228
 -3.43854773862606   -3.50240873125764   -3.57354404687371
 -3.65132554932756   -3.73484703131587   -3.82304988876910
 -3.91486641390102   -4.00933735300200   -4.10567755213008
 -4.20328934857598   -4.30174020574129   -4.40072293610689
 -4.50003064137984   -4.59961173484161   -4.69936110561508
 -4.79920342880206   -4.89910413136191   -4.99904168721423
 -5.09900247663643   -5.19897789596144   -5.29896251705369
 -5.39895291872093   -5.49894694665555   -5.59894324555134
 -5.69894096363573   -5.79893956623672   -5.89893871822529
 -5.99893820993094   -6.09893791048102   -6.19893773843085
 -6.29893764329102   -6.39893759391907
 -3.00081026198251   -3.00082816799558   -3.00085070973143
 -3.00087908714615   -3.00091481069010   -3.00095978158293
 -3.00101639280394   -3.00108765612031   -3.00117736183050
 -3.00129027959084   -3.00143241080020   -3.00161130563522
 -3.00183646106827   -3.00211982019263   -3.00247639806668
 -3.00292506522605   -3.00348952714511   -3.00419954637210
 -3.00509246385032   -3.00621508694474   -3.00762602350146
 -3.00939855295538   -3.01162413531821   -3.01441666374927
 -3.01791756121039   -3.02230179824715   -3.02778485464205
 -3.03463054401654   -3.04315944149371   -3.05375736659188
 -3.06688293792344   -3.08307259918348   -3.10294071192068
 -3.12717138937066   -3.15649793002572   -3.19166547934672
 -3.23337371915791   -3.28220002134964   -3.33851040301297
 -3.40237513539753   -3.47351436882568   -3.55129982333246
 -3.63482513576794   -3.72303156107957   -3.81485128867678
 -3.90932501125201   -4.00566756729420   -4.10328132010512
 -4.20173377804752   -4.30071780557253   -4.40002655247775
 -4.49960847746177   -4.59935851455938   -4.69920136890448
 -4.79910249424934   -4.89904038636962   -4.99900144311869
 -5.09897707489909   -5.19896186480575   -5.29895240059460
 -5.39894653507955   -5.49894291861813   -5.59894070394010
 -5.69893935995149   -5.79893855436629   -5.89893807977272
 -5.99893780709247   -6.09893765630631   -6.19893757805714
 -6.29893754210193   -6.39893753007302
 -2.90075335839632   -2.90077590207313   -2.90080428193130
 -2.90084000855123   -2.90088498331628   -2.90094159941178
 -2.90101286886422   -2.90110258229842   -2.90121550978136
 -2.90135765322860   -2.90153656346678   -2.90176173828587
 -2.90204512180724   -2.90240173038175   -2.90285043616923
 -2.90341494668415   -2.90412502703577   -2.90501802137991
 -2.90614074110747   -2.90755179910381   -2.90932448110182
 -2.91155025496919   -2.91434302364029   -2.91784422220150
 -2.92222883617600   -2.92771236375128   -2.93455864101119
 -2.94308827024787   -2.95368710345221   -2.96681379742965
 -2.98300483981716   -3.00287464117064   -3.02710736694033
 -3.05643636740683   -3.09160683332427   -3.13331847633361
 -3.18214867096250   -3.23846339693290   -3.30233283785196
 -3.37347700399891   -3.45126743432503   -3.53479756945177
 -3.62300848681539   -3.71483224638897   -3.80930947338823
 -3.90565499678158   -4.00327121262976   -4.10172568591174
 -4.20071134651685   -4.30002140479395   -4.39960437662476
 -4.49935525258894   -4.59919877563153   -4.69910043323690
 -4.79903874869708   -4.89900014199303   -4.99897604124035
 -5.09896104367269   -5.19895174831120   -5.29894601693543
 -5.39894250703322   -5.49894037700241   -5.59893910025361
 -5.69893834807993   -5.79893791591315   -5.89893767693397
 -5.99893755291762   -6.09893749593254   -6.19893747686802
 -6.29893747825587   -6.39893748978887
 -2.80068171565250   -2.80071009858707   -2.80074582907979
 -2.80079080872012   -2.80084743095280   -2.80091870813083
 -2.80100843128988   -2.80112137101397   -2.80126352986920
 -2.80144245950060   -2.80166765872750   -2.80195107296573
 -2.80230772019340   -2.80275647461527   -2.80332104631441
 -2.80403120362451   -2.80492429474607   -2.80604713613883
 -2.80745834703278   -2.80923122109034   -2.81145723607017
 -2.81425030721395   -2.81775188487345   -2.82213697342946
 -2.82762109424237   -2.83446811167753   -2.84299866223468
 -2.85359863878989   -2.86672674623664   -2.88291952753847
 -2.90279145495613   -2.92702675968393   -2.95635885721068
 -2.99153299532191   -3.03324892320425   -3.08208401870927
 -3.13840421450911   -3.20227958385810   -3.27342996069981
 -3.35122665597131   -3.43476286321042   -3.52297943634169
 -3.61480827236648   -3.70928991155074   -3.80563917089063
 -3.90325848770862   -4.00171549828062   -4.10070321489597
 -4.20001492414721   -4.29959921391541   -4.39935114597252
 -4.49919551086967   -4.59909783856039   -4.69903668697965
 -4.79899850396665   -4.89897473993718   -4.99896000992493
 -5.09895092713350   -5.19894536462966   -5.29894198887788
 -5.39893996541187   -5.49893877331312   -5.59893808838065
 -5.69893770962609   -5.79893751307405   -5.89893742275893
 -5.99893739254375   -6.09893739474337   -6.19893741302193
 -6.29893743797171   -6.39893746437129
 -2.70059151426542   -2.70062724963425   -2.70067223541291
 -2.70072886537275   -2.70080015227782   -2.70088988768115
 -2.70100284281773   -2.70114502107272   -2.70132397512157
 -2.70154920507967   -2.70183265799261   -2.70218935388737
 -2.70263816954343   -2.70320281827790   -2.70391307248425
 -2.70480628545558   -2.70592928003363   -2.70734068343681
 -2.70911379931135   -2.71134011786951   -2.71413356984881
 -2.71763562482142   -2.72202131091148   -2.72750617865616
 -2.73435412802983   -2.74288583860306   -2.75348725473073
 -2.76661714185475   -2.78281211260187   -2.80268671692802
 -2.82692526880973   -2.85626126584497   -2.89144002763429
 -2.93316135064520   -2.98200261691985   -3.03832969989034
 -3.10221253385733   -3.17337073072057   -3.25117531429569
 -3.33471916698694   -3.42294286127359   -3.51477808895434
 -3.60926528334728   -3.70561924639756   -3.80324246740582
 -3.90170267243925   -4.00069297755161   -4.10000676534296
 -4.19959271435206   -4.29934597598704   -4.39919140073894
 -4.49909457203151   -4.59903409141560   -4.69899644180377
 -4.79897310168734   -4.89895870850969   -4.99894989332955
 -5.09894454342377   -5.19894133655797   -5.29893944724945
 -5.39893836171902   -5.49893776143836   -5.59893744992591
 -5.69893730678653   -5.79893725889880   -5.89893726238495
 -5.99893729135453   -6.09893733089725   -6.19893737273776
 -6.29893741255412   -6.39893744833387
 -2.60047794394860   -2.60052293745608   -2.60057957714525
 -2.60065087629776   -2.60074062711797   -2.60085360166054
 -2.60099580434195   -2.60117478913504   -2.60140005778706
 -2.60168355939570   -2.60204031656766   -2.60248920932427
 -2.60305395505467   -2.60376433126406   -2.60465769765765
 -2.60578088511291   -2.60719253090653   -2.60896595125557
 -2.61119265205278   -2.61398658354687   -2.61748923951085
 -2.62187567796476   -2.62736148618316   -2.63421060897714
 -2.64274378014965   -2.65334700887535   -2.66647913683666
 -2.68267686437881   -2.70255483929131   -2.72679747979182
 -2.75613838687426   -2.79132297057549   -2.83305108690787
 -2.88190012319869   -2.93823587828887   -3.00212811150282
 -3.07329615512393   -3.15111067139456   -3.23466415090822
 -3.32289681172926   -3.41474008726859   -3.50923427620101
 -3.60559416155717   -3.70322229812618   -3.80168652506935
 -3.90068008911795   -3.99999649377384   -4.09958453173228
 -4.19933946726310   -4.29918622632902   -4.39909045967616
 -4.49903082376933   -4.59899384567890   -4.69897103924312
 -4.79895707011875   -4.89894859184355   -4.99894350958435
 -5.09894051533431   -5.19893879492063   -5.29893784355213
 -5.39893734984202   -5.49893712298250   -5.59893704708579
 -5.69893705261100   -5.79893709852467   -5.89893716119566
 -5.99893722750839   -6.09893729061306   -6.19893734732015
 -6.29893739651670   -6.39893743821495
 -2.50033494599524   -2.50039159793516   -2.50046291250909
 -2.50055268274157   -2.50066568171934   -2.50080791515743
 -2.50098693866233   -2.50121225603608   -2.50149581896024
 -2.50185265328981   -2.50230164312814   -2.50286651099167
 -2.50357704082212   -2.50447060039857   -2.50559403071675
 -2.50700598171841   -2.50877978544935   -2.51100696754672
 -2.51380150282710   -2.51730491553663   -2.52169230133965
 -2.52717929376991   -2.53402989409655   -2.54256490441207
 -2.55317041551307   -2.56630536508608   -2.58250656393552
 -2.60238878304959   -2.62663657191644   -2.65598366174017
 -2.69117557645227   -2.73291224706206   -2.78177106756562
 -2.83811774287946   -2.90202181197638   -2.97320225499706
 -3.05102927881774   -3.13459488058620   -3.22283883203218
 -3.31469224119164   -3.40919523722736   -3.50556257941127
 -3.60319690505981   -3.70166619579630   -3.80066386293789
 -3.89998356224911   -3.99957423017974   -4.09933127311010
 -4.19917971203475   -4.29908528246548   -4.39902671000724
 -4.49899057732660   -4.59896844276407   -4.69895500749690
 -4.79894695336354   -4.89894220805369   -4.99893948147249
 -5.09893797368573   -5.19893719121767   -5.29893683167231
 -5.39893671138474   -5.49893672014167   -5.59893679290990
 -5.69893689223669   -5.79893699733528   -5.89893709734946
 -5.99893718722416   -6.09893726519543   -6.19893733128273
 -6.29893738639777   -6.39893743183032
 -2.40015488832450   -2.40022622231734   -2.40031601699407
 -2.40042904674103   -2.40057131890845   -2.40075039115991
 -2.40097576988486   -2.40125941001856   -2.40161634150629
 -2.40206545359158   -2.40263047524728   -2.40334119852005
 -2.40423500135584   -2.40535873749150   -2.40677107281694
 -2.40854535930994   -2.41077314747043   -2.41356844305170
 -2.41707280867285   -2.42146138740161   -2.42694987102377
 -2.43380233190392   -2.44233965812977   -2.45294804328345
 -2.46608654595009   -2.48229211603847   -2.50217967968793
 -2.52643395170778   -2.55578882729412   -2.59098997383005
 -2.63273741679515   -2.68160855860499   -2.73796898590126
 -2.80188796014019   -2.87308401794049   -2.95092679263305
 -3.03450765986064   -3.12276582920886   -3.21463199895778
 -3.30914608485732   -3.40552281635338   -3.50316493478857
 -3.60164060126987   -3.70064343443106   -3.79996728181325
 -3.89956126090583   -3.99932095703691   -4.09917151086866
 -4.19907876464510   -4.29902153102550   -4.39898646267563
 -4.49896517396586   -4.59895241079422   -4.69894489062956
 -4.79894056951746   -4.89893817991364   -4.99893693980978
 -5.09893636997569   -5.19893617933430   -5.29893619321325
 -5.39893630854302   -5.49893646596533   -5.59893663253537
 -5.69893679104720   -5.79893693348904   -5.89893705706521
 -5.99893716180654   -6.09893724915799   -6.19893732116377
 -6.29893738001312   -6.39893742780189
 -2.29992815539044   -2.30001798084961   -2.30013104934396
 -2.30027337028290   -2.30045250392049   -2.30067795990451
 -2.30096169726756   -2.30131875110582   -2.30176801713578
 -2.30233323246083   -2.30304419933421   -2.30393830850491
 -2.30506242975474   -2.30647524905715   -2.30825014349041
 -2.31047869486435   -2.31327494789135   -2.31678051351434
 -2.32117059449747   -2.32666095598546   -2.33351575987695
 -2.34205600255883   -2.35266800705946   -2.36581098422421
 -2.38202205915446   -2.40191635339755   -2.42617878998714
 -2.45554347067950   -2.49075624355842   -2.53251725312128
 -2.58140391242136   -2.63778165915202   -2.70171940522204
 -2.77293512857101   -2.85079774004561   -2.93439783239437
 -3.02267390712141   -3.11455614644345   -3.20908419742397
 -3.30547275209404   -3.40312468296420   -3.50160837731152
 -3.60061771494871   -3.69994678499076   -3.79954493294292
 -3.89930796948072   -3.99916118596579   -4.09907055903959
 -4.19901501097536   -4.29898128257482   -4.39896105875351
 -4.49894914171448   -4.59894229378571   -4.69893850671269
 -4.79893654134192   -4.89893563823314   -4.99893533609082
 -5.09893535808785   -5.19893554087300   -5.29893579037040
 -5.39893605436612   -5.49893630559052   -5.59893653134572
 -5.69893672720088   -5.79893689320476   -5.89893703164757
 -5.99893714576908   -6.09893723903905   -6.19893731477917
 -6.29893737598470   -6.39893742526015
 -2.19964263032405   -2.19975574761633   -2.19989812997744
 -2.20007734092389   -2.20030289420695   -2.20058675401934
 -2.20094396194426   -2.20139342185016   -2.20195888107999
 -2.20267015474106   -2.20356464970648   -2.20468925596501
 -2.20610268478333   -2.20787834485137   -2.21010785741096
 -2.21290531624009   -2.21641239314184   -2.22080436606395
 -2.22629709254259   -2.23315484724074   -2.24169876294567
 -2.25231532572321   -2.26546393819482   -2.28168194612821
 -2.30158471720846   -2.32585743676249   -2.35523446675926
 -2.39046188293923   -2.43223997977198   -2.48114618376365
 -2.53754574501502   -2.60150713510370   -2.67274762812972
 -2.75063522469862   -2.83425953121476   -2.92255815715130
 -3.01446063470471   -3.10900627265753   -3.20540971615071
 -3.30307400315345   -3.40156780601272   -3.50058533363581
 -3.59992097948558   -3.69952437628164   -3.79929161849884
 -3.89914818729252   -3.99906022854735   -4.09900680256257
 -4.19897476111578   -4.29895587794593   -4.39894502614768
 -4.49893902452824   -4.59893590977973   -4.69893447849248
 -4.79893399963902   -4.89893403450295   -4.99893432419734
 -5.09893471962372   -5.19893513802873   -5.29893553619278
 -5.39893589399095   -5.49893620440070   -5.59893646749932
 -5.69893668691656   -5.79893686778708   -5.89893701561013
 -5.99893713565014   -6.09893723265445   -6.19893731075075
 -6.29893737344294   -6.39893742365635
 -2.09928304047679   -2.09942550019944   -2.09960480851681
 -2.09983048434853   -2.10011449838658   -2.10047190038456
 -2.10092160447845   -2.10148737090802   -2.10219903097045
 -2.10309401184748   -2.10421922897888   -2.10563342548877
 -2.10741004988281   -2.10964077306877   -2.11243975062486
 -2.11594873101057   -2.12034308687208   -2.12583879211977
 -2.13270026345416   -2.14124880547504   -2.15187110961811
 -2.16502682008215   -2.18125356061480   -2.20116700898205
 -2.22545268096328   -2.25484526638369   -2.29009112785298
 -2.33189074886323   -2.38082157295344   -2.43724861393647
 -2.50123978860678   -2.57251148418343   -2.65043055425585
 -2.73408536232266   -2.82241239389007   -2.91434036229590
 -3.00890815041297   -3.10533034468805   -3.20301019191069
 -3.30151672384686   -3.40054456416899   -3.49988848984703
 -3.59949849543474   -3.69927103285371   -3.79913182231324
 -3.89904722283677   -3.99899646853589   -4.09896655092917
 -4.19894935559707   -4.29893984489385   -4.39893490873768
 -4.49893264041007   -4.59893188150327   -4.69893193676137
 -4.79893239589468   -4.89893302260237   -4.99893368572965
 -5.09893431677767   -5.19893488385022   -5.29893537581716
 -5.39893579280090   -5.49893614055417   -5.59893642721494
 -5.69893666149885   -5.79893685174960   -5.89893700549115
 -5.99893712926551   -6.09893722862602   -6.19893730820899
 -6.29893737183921   -6.39893742264444
 -1.99883012952361   -1.99900956049472   -1.99923539069547
 -1.99951959900468   -1.99987724546789   -2.00032725715467
 -2.00089341055046   -2.00160555734627   -2.00250115030593
 -2.00362713692920   -2.00504230047025   -2.00682013959000
 -2.00905238775992   -2.01185327840795   -2.01536465655864
 -2.01976201415237   -2.02526147170140   -2.03212762484083
 -2.04068199461956   -2.05131153120546   -2.06447618315589
 -2.08071392445579   -2.10064082357595   -2.12494281269907
 -2.15435499482191   -2.18962409412421   -2.23145083241064
 -2.28041267481744   -2.33687433749455   -2.40090303811016
 -2.47221404609825   -2.55017276931072   -2.63386600466067
 -2.72222882112973   -2.81418890032996   -2.90878458888326
 -3.00523039987952   -3.10292984382322   -3.20145240581432
 -3.30049323241282   -3.39984758395981   -3.49946591093207
 -3.59924511551549   -3.69911121904351   -3.79903084899685
 -3.89898345837524   -3.99895621466919   -4.09894114429018
 -4.19893332198319   -4.29892972720215   -4.39892852447827
 -4.49892861206279   -4.59892933973666   -4.69893033299923
 -4.79893138398518   -4.89893238413021   -4.99893328288135
 -5.09893406259803   -5.19893472347403   -5.29893527462684
 -5.39893572895424   -5.49893610026972   -5.59893640179719
 -5.69893664546136   -5.79893684163065   -5.89893699910652
 -5.99893712523710   -6.09893722608425   -6.19893730660526
 -6.29893737082726   -6.39893742200610
 -1.89825960887924   -1.89848563356071   -1.89877008662111
 -1.89912804107230   -1.89957844027824   -1.90014508119149
 -1.90085784119639   -1.90175420528661   -1.90288116135316
 -1.90429754320892   -1.90607691270429   -1.90831108213404
 -1.91111438300898   -1.91462878201741   -1.91902992140251
 -1.92453410638873   -1.93140615806634   -1.93996787021533
 -1.95060651902415   -1.96378243658074   -1.98003403823883
 -1.99997788487042   -2.02430043349504   -2.05373730793622
 -2.08903568823525   -2.13089659676677   -2.17989752610235
 -2.23640281735023   -2.30047880692832   -2.37183935505134
 -2.44984804675021   -2.53358970377126   -2.62199760936173
 -2.71399814492804   -2.80862898189307   -2.90510454184487
 -3.00282866859584   -3.10137141931233   -3.20042859998777
 -3.29979608038682   -3.39942488559499   -3.49921248506511
 -3.59908527950803   -3.69901023457040   -3.79896707893228
 -3.89894320169669   -3.99893080661973   -4.09892510996896
 -4.19892320393682   -4.29892334276493   -4.39892449604184
 -4.49892607025148   -4.59892773595210   -4.69892932107850
 -4.79893074550738   -4.89893198127909   -4.99893302870030
 -5.09893390222113   -5.19893462228335   -5.29893521077999
 -5.39893568866969   -5.49893607485194   -5.59893638575967
 -5.69893663534237   -5.79893683524601   -5.89893699507808
 -5.99893712269530   -6.09893722448050   -6.19893730559336
 -6.29893737018885   -6.39893742160320
 -1.79754082757307   -1.79782558903936   -1.79818393157997
 -1.79863481909125   -1.79920207431623   -1.79991560701526
 -1.80081294279489   -1.80194112044338   -1.80335903748334
 -1.80514033539176   -1.80737692579144   -1.81018326379242
 -1.81370146939999   -1.81810737426795   -1.82361751639933
 -1.83049700101671   -1.83906796562500   -1.84971809731765
 -1.86290821159905   -1.87917728018090   -1.89914248467718
 -1.92349094381567   -1.95295893817308   -1.98829422275386
 -2.03019819920627   -2.07924839503429   -2.13580867871377
 -2.19994427548740   -2.27136726827709   -2.34943894296004
 -2.43324163000614   -2.52170636068742   -2.61375787741971
 -2.70843300144328   -2.80494604050034   -2.90270126009425
 -3.00126943972786   -3.10034721740847   -3.19973123154033
 -3.29937323160702   -3.39917140186465   -3.49905262110173
 -3.59898428098651   -3.69894645745084   -3.79892681871335
 -3.89891779187136   -3.99891477140796   -4.09891499147607
 -4.19891681927573   -4.29891931421625   -4.39892195417425
 -4.49892446643871   -4.59892672401722   -4.69892868259360
 -4.79893034265270   -4.89893172709625   -4.99893286832250
 -5.09893380102999   -5.19893455843627   -5.29893517049533
 -5.39893566325185   -5.49893605881440   -5.59893637564069
 -5.69893662895775   -5.79893683121756   -5.89893699253632
 -5.99893712109161   -6.09893722346865   -6.19893730495486
 -6.29893736978603   -6.39893742134910
 -1.69663508178486   -1.69699391346408   -1.69744541642415
 -1.69801344591422   -1.69872795250122   -1.69962651298025
 -1.70075623029096   -1.70217608225694   -1.70395981071904
 -1.70619945249774   -1.70900961849568   -1.71253262197261
 -1.71694453333819   -1.72246218402618   -1.72935103743754
 -1.73793366439853   -1.74859827004554   -1.76180627938802
 -1.77809736567326   -1.79808949332499   -1.82247061566470
 -1.85197784177391   -1.88735965219000   -1.92931792743730
 -1.97843023962732   -2.03505986146703   -2.09927061654454
 -2.17077234523904   -2.24892343204339   -2.33280306364612
 -2.42133943010128   -2.51345520707413   -2.60818614523773
 -2.70474641115337   -2.80254080450821   -2.90114101758388
 -3.00024473874708   -3.09964957631715   -3.19930819334138
 -3.29911967500146   -3.39901150269527   -3.49895160488968
 -3.59892049498339   -3.69890619277411   -3.79890140665205
 -3.89890175553834   -3.99890465235289   -4.09890860653312
 -4.19891279058574   -4.29891677227782   -4.39892035032596
 -4.49892345448601   -4.59892608552339   -4.69892827973443
 -4.79893008846760   -4.89893156671732   -4.99893276713080
 -5.09893373718265   -5.19893451815147   -5.29893514507741
 -5.39893564721426   -5.49893604869538   -5.59893636925605
 -5.69893662492929   -5.79893682867583   -5.89893699093258
 -5.99893712007966   -6.09893722283025   -6.19893730455205
 -6.29893736953188   -6.39893742118875
 -1.59549346136113   -1.59594574024743   -1.59651474589229
 -1.59723048031050   -1.59813058483466   -1.59926224328585
 -1.60068453473132   -1.60247132755242   -1.60471481642345
 -1.60752980867982   -1.61105886125412   -1.61547834561015
 -1.62100546319093   -1.62790612907322   -1.63650346054922
 -1.64718631611261   -1.66041688955308   -1.67673573907976
 -1.69676181674552   -1.72118412902876   -1.75074083074139
 -1.78618131851324   -1.82820807796812   -1.87739873838779
 -1.93411582125671   -1.99842138119923   -2.07002242736240
 -2.14827368061466   -2.23225035801265   -2.32087706294836
 -2.41307386381907   -2.50787516313436   -2.60449495312593
 -2.70233871123479   -2.80097928428384   -2.90011568759626
 -2.99954675412335   -3.09922629956176   -3.19905454494449
 -3.29895973149194   -3.39891046420477   -3.49888780769987
 -3.59888022469343   -3.69888077789740   -3.79888536890727
 -3.89889163577544   -3.99889826705507   -4.09890457766522
 -4.19891024855810   -4.29891516838479   -4.39891933835083
 -4.49892281598092   -4.59892568265858   -4.69892802554651
 -4.79892992808727   -4.89893146552491   -4.99893270328308
 -5.09893369689766   -5.19893449273347   -5.29893512903980
 -5.39893563709525   -5.49893604231073   -5.59893636522756
 -5.69893662238751   -5.79893682707210   -5.89893698992074
 -5.99893711944116   -6.09893722242734   -6.19893730429794
 -6.29893736937144   -6.39893742108733
 -1.49405409850292   -1.49462433528970   -1.49534161827105
 -1.49624367017778   -1.49737777684398   -1.49880314503367
 -1.50059380273385   -1.50284214372385   -1.50566322311071
 -1.50919990519447   -1.51362894120128   -1.51916799934165
 -1.52608356451629   -1.53469944347777   -1.54540531911867
 -1.55866435537971   -1.57501822739727   -1.59508713395817
 -1.61956141130528   -1.64918053504937   -1.68469505941392
 -1.72680823535894   -1.77609776577210   -1.83292522453368
 -1.89735043232800   -1.96907682122702   -2.04745448238183
 -2.13155361652869   -2.22029429614844   -2.31259329871006
 -2.40748332884886   -2.50417816475012   -2.60208414545924
 -2.70077557990146   -2.79995316130264   -2.89941727002412
 -2.99912317689737   -3.09897253553210   -3.19889454558486
 -3.29885866494286   -3.39884665292710   -3.49884753034142
 -3.59885480627161   -3.69886473837503   -3.79887524825316
 -3.89888525003082   -3.99889423796317   -4.09890203552528
 -4.19890864460877   -4.29891415638143   -4.39891869983158
 -4.49892241310902   -4.59892542846709   -4.69892786516438
 -4.79892982689395   -4.89893140167674   -4.99893266299788
 -5.09893367147953   -5.19893447669578   -5.29893511892075
 -5.39893563071058   -5.49893603828231   -5.59893636268584
 -5.69893662078375   -5.79893682606017   -5.89893698928225
 -5.99893711903841   -6.09893722217312   -6.19893730413741
 -6.29893736927041   -6.39893742102358
 -1.39223864006881   -1.39295787702915   -1.39386238615315
 -1.39499958200127   -1.39642883247571   -1.39822436697081
 -1.40047883052390   -1.40330759092367   -1.40685390037528
 -1.41129498939709   -1.41684911533519   -1.42378348235396
 -1.43242276756356   -1.44315769467983   -1.45645265266266
 -1.47285072726354   -1.49297369218852   -1.51751356398623
 -1.54721148790470   -1.58281948235216   -1.62504176748682
 -1.67445614150428   -1.73142298239955   -1.79599928749073
 -1.86788396529751   -1.94642125067257   -2.03067499915180
 -2.11955955431780   -2.21198753693804   -2.30698951313251
 -2.40377900025521   -2.50176343536579   -2.60051898178969
 -2.69974845690248   -2.79925419793995   -2.89899331429658
 -2.99886926717674   -3.09881246581506   -3.19879344369361
 -3.29879483592222   -3.39880636666699   -3.49882210745539
 -3.59883876451090   -3.69885461659876   -3.79886886194597
 -3.89888122065690   -3.99889169568184   -4.09890043150506
 -4.19890763256986   -4.29891351784436   -4.39891829695073
 -4.49892215891304   -4.59892526808271   -4.69892776396993
 -4.79892976304522   -4.89893136139124   -4.99893263757961
 -5.09893365544178   -5.19893446657670   -5.29893511253603
 -5.39893562668209   -5.49893603574050   -5.59893636108207
 -5.69893661977192   -5.79893682542167   -5.89893698887933
 -5.99893711878424   -6.09893722201260   -6.19893730403616
 -6.29893736920639   -6.39893742098337
 -1.28994770458409   -1.29085531602795   -1.29199641209138
 -1.29343056413461   -1.29523225586135   -1.29749444957254
 -1.30033290789560   -1.30389137288657   -1.30834768035633
 -1.31392083172020   -1.32087893964848   -1.32954778073633
 -1.34031939372297   -1.35365971560252   -1.37011361511201
 -1.39030485720715   -1.41492758373447   -1.44472505281021
 -1.48045113710165   -1.52281128605111   -1.57238342214224
 -1.62952641329551   -1.69429368500022   -1.76637841871698
 -1.84511743232135   -1.92956654532008   -2.01863284942214
 -2.11122371058977   -2.20636700108009   -2.30327592365812
 -2.40135931893922   -2.50019570666730   -2.59949059731946
 -2.69904880517228   -2.79882976533945   -2.89873922097476
 -2.99870910881156   -3.09871131940127   -3.19872959232415
 -3.29875453845091   -3.39878093815897   -3.49880606287605
 -3.59882864132162   -3.69884822958323   -3.79886483221695
 -3.89887867819754   -3.99889009157236   -4.09889941942139
 -4.19890699401034   -4.29891311495225   -4.39891804274911
 -4.49892199852582   -4.59892516688684   -4.69892770012048
 -4.79892972275936   -4.89893133597280   -4.99893262154177
 -5.09893364532266   -5.19893446019198   -5.29893510850755
 -5.39893562414032   -5.49893603413671   -5.59893636007012
 -5.69893661913339   -5.79893682501889   -5.89893698862520
 -5.99893711862370   -6.09893722191158   -6.19893730397222
 -6.29893736916595   -6.39893742095751
 -1.18705500059293   -1.18820102437860   -1.18964136935026
 -1.19145084055781   -1.19372280121339   -1.19657351290814
 -1.20014733676842   -1.20462287362899   -1.21022006541899
 -1.21720817331232   -1.22591436404837   -1.23673233934449
 -1.25012999430331   -1.26665445363176   -1.28693200271335
 -1.31165947478970   -1.34158280535227   -1.37745821898523
 -1.41999272740230   -1.46976441660327   -1.52713024641379
 -1.59213911808194   -1.66447695182715   -1.74347115738368
 -1.82816736097477   -1.91746346138156   -2.01026017422923
 -2.10558197777914   -2.20264170076768   -2.30084998470048
 -2.39978835077082   -2.49916572960703   -2.59879007681383
 -2.69862377163989   -2.79857544058037   -2.89857895089165
 -2.99860790630060   -3.09864743987771   -3.19868928073135
 -3.29872910286228   -3.39876489003001   -3.49879593790741
 -3.59882225341416   -3.69884419940710   -3.79886228953345
 -3.89887707397569   -3.99888907943234   -4.09889878083361
 -4.19890659110406   -4.29891286074351   -4.39891788235832
 -4.49892189732817   -4.59892510303649   -4.69892765983418
 -4.79892969734070   -4.89893131993483   -4.99893261142257
 -5.09893363893791   -5.19893445616351   -5.29893510596576
 -5.39893562253652   -5.49893603312483   -5.59893635943167
 -5.69893661873064   -5.79893682476454   -5.89893698846491
 -5.99893711852258   -6.09893722184775   -6.19893730393209
 -6.29893736914102   -6.39893742094168
 -1.08339966304149   -1.08484783952326   -1.08666714869784
 -1.08895146086460   -1.09181766876193   -1.09541091664970
 -1.09991077322504   -1.10553837044572   -1.11256442290753
 -1.12131785690627   -1.13219447956063   -1.14566466577262
 -1.16227839835235   -1.18266515736050   -1.20752518951861
 -1.23760782881292   -1.27367228886770   -1.31642757190280
 -1.36645198140368   -1.42410006428107   -1.48941498247811
 -1.56207343315721   -1.64139086890916   -1.72639996085842
 -1.81598693300630   -1.90904407266277   -2.00459158106492
 -2.10184185132444   -2.20020784641069   -2.29927492189901
 -2.39875636161417   -2.49846411240638   -2.59836428582354
 -2.69836915504678   -2.79841502966773   -2.89847767768457
 -2.99854399130359   -3.09860711049523   -3.19866383622406
 -3.29871305026273   -3.39875476282056   -3.49878954887678
 -3.59881822267503   -3.69884165644137   -3.79886068517010
 -3.89887606176472   -3.99888844080899   -4.09889837790948
 -4.19890633688637   -4.29891270034824   -4.39891778115841
 -4.49892183347669   -4.59892506274961   -4.69892763441523
 -4.79892968130260   -4.89893130981556   -4.99893260503780
 -5.09893363490941   -5.19893445362170   -5.29893510436204
 -5.39893562152461   -5.49893603248639   -5.59893635902891
 -5.69893661847631   -5.79893682460425   -5.89893698836359
 -5.99893711845893   -6.09893722180764   -6.19893730390645
 -6.29893736912501   -6.39893742093185
 -0.97877619139088   -0.98060795549487   -0.98290790505845
 -0.98579373210737   -0.98941157276416   -0.99394222170741
 -0.99960831852941   -1.00668241951370   -1.01549568110921
 -1.02644657975379   -1.04000863556242   -1.05673545813343
 -1.07726058389859   -1.10228859719135   -1.13257315513886
 -1.16887727966345   -1.21191251736109   -1.26225746489239
 -1.32026361518088   -1.38596683586144   -1.45903208271249
 -1.53875957426122   -1.62416547546196   -1.71412114932928
 -1.80750818235926   -1.90334138445065   -2.00083265687886
 -2.09939797223363   -2.19862760265957   -2.29824038828948
 -2.39805335902891   -2.49803736635351   -2.59810930108354
 -2.69820856654653   -2.79831366734211   -2.89841371798227
 -2.99850363950653   -3.09858165475257   -3.19864777799341
 -3.29870292023109   -3.39874837237547   -3.49878551742868
 -3.59881567935391   -3.69884005189985   -3.79885967286980
 -3.89887542309657   -3.99888803786238   -4.09889812368052
 -4.19890617648543   -4.29891259914548   -4.39891771730550
 -4.49892179318910   -4.59892503733030   -4.69892761837695
 -4.79892967118320   -4.89893130343073   -4.99893260100927
 -5.09893363236760   -5.19893445201789   -5.29893510335009
 -5.39893562088615   -5.49893603208343   -5.59893635877459
 -5.69893661831603   -5.79893682450302   -5.89893698829967
 -5.99893711841846   -6.09893722178180   -6.19893730389055
 -6.29893736911494   -6.39893742092586
 -0.87292111983067   -0.87524089387816   -0.87815159409929
 -0.88180061469598   -0.88637030563256   -0.89208521947869
 -0.89922024995188   -0.90810938486222   -0.91915449090673
 -0.93283308486521   -0.94970338781615   -0.97040409795646
 -0.99564532487606   -1.02618624005265   -1.06279473301417
 -1.10618561630498   -1.15693788831443   -1.21539917295079
 -1.28159604601203   -1.35517847383876   -1.43542720602031
 -1.52133731072995   -1.61176117853011   -1.70556677861335
 -1.80176212230866   -1.89955858282005   -1.99837606173487
 -2.09781116437047   -2.19758984764598   -2.29753563408032
 -2.39762540826553   -2.49778191695216   -2.59794848854697
 -2.69810709184081   -2.79824965128477   -2.89837333793729
 -2.99847816960758   -3.09856558942808   -3.19863764440696
 -3.29869652800454   -3.39874434003454   -3.49878297366005
 -3.59881407458806   -3.69883903948708   -3.79885903414525
 -3.89887502012168   -3.99888778361923   -4.09889796327246
 -4.19890607527910   -4.29891253529078   -4.39891767701701
 -4.49892176776932   -4.59892502129178   -4.69892760825747
 -4.79892966479832   -4.89893129940218   -4.99893259846745
 -5.09893363076376   -5.19893445100606   -5.29893510271164
 -5.39893562048340   -5.49893603182937   -5.59893635861422
 -5.69893661821473   -5.79893682443921   -5.89893698825945
 -5.99893711839331   -6.09893722176625   -6.19893730388098
 -6.29893736910848   -6.39893742092176
 -0.76549517341201   -0.76843746063921   -0.77212607932526
 -0.77674535613428   -0.78252227557495   -0.78973470387238
 -0.79872023093243   -0.80988503878052   -0.82371173464190
 -0.84076441783123   -0.86168837292830   -0.88720076899297
 -0.91806783554290   -0.95506370900428   -0.99890741663366
 -1.05017851828846   -1.10921973190911   -1.17604576408285
 -1.25028737816889   -1.33120034623227   -1.41775266491345
 -1.50877241240964   -1.60311017786632   -1.69976539503796
 -1.79794891961512   -1.89708582583198   -1.99678092348058
 -2.09676932491430   -2.19688287626988   -2.29710616291317
 -2.39736937199356   -2.49762082162845   -2.59784687206681
 -2.69804300471855   -2.79820923563070   -2.89834785019786
 -2.99846209534501   -3.09855545136343   -3.19863124993652
 -3.29869249453914   -3.39874179570233   -3.49878136861169
 -3.59881306203366   -3.69883840069151   -3.79885863113474
 -3.89887476586066   -3.99888762320221   -4.09889786206163
 -4.19890601142214   -4.29891249500115   -4.39891765159667
 -4.49892175173052   -4.59892501117217   -4.69892760187252
 -4.79892966076977   -4.89893129686034   -4.99893259686368
 -5.09893362975191   -5.19893445036750   -5.29893510230874
 -5.39893562022910   -5.49893603166886   -5.59893635851314
 -5.69893661815080   -5.79893682439871   -5.89893698823428
 -5.99893711837736   -6.09893722175548   -6.19893730387413
 -6.29893736910417   -6.39893742091966
 -0.65605909630170   -0.65979810622228   -0.66448048945169
 -0.67033632938334   -0.67764728152786   -0.68675553006932
 -0.69807276462028   -0.71208809462713   -0.72937313571254
 -0.75058160538153   -0.77643972681624   -0.80772280281194
 -0.84521302850223   -0.88963490807332   -0.94156880482457
 -1.00135121173813   -1.06898162365573   -1.14406609650704
 -1.22582820168717   -1.31320102200126   -1.40498133069105
 -1.49999744915013   -1.59723798117556   -1.69591337017925
 -1.79545556975552   -1.89548009336761   -1.99573389574379
 -2.09605954312374   -2.19645148501184   -2.29684938479353
 -2.39720791948093   -2.49751902619374   -2.59778269529136
 -2.69800254416053   -2.79818372540170   -2.89833176467109
 -2.99845195163793   -3.09854905406622   -3.19862721505474
 -3.29868994949713   -3.39874019029821   -3.49878035587894
 -3.59881242314866   -3.69883799763616   -3.79885837685123
 -3.89887460543234   -3.99888752198571   -4.09889779820182
 -4.19890597113108   -4.29891246958010   -4.39891763555750
 -4.49892174161073   -4.59892500478713   -4.69892759784386
 -4.79892965822788   -4.89893129525655   -4.99893259585177
 -5.09893362911343   -5.19893444996459   -5.29893510205458
 -5.39893562006887   -5.49893603156768   -5.59893635844909
 -5.69893661811049   -5.79893682437358   -5.89893698821808
 -5.99893711836640   -6.09893722175004   -6.19893730386938
 -6.29893736910228   -6.39893742091768
 -0.54404047192876   -0.54880336459777   -0.55475990213727
 -0.56219658469809   -0.57146147429301   -0.58297331285152
 -0.59722954468060   -0.61481143322955   -0.63638353907568
 -0.66268375332564   -0.69449910704986   -0.73262226051017
 -0.77778489925484   -0.83056856851759   -0.89130186245724
 -0.95996470476032   -1.03613119263273   -1.11898313167297
 -1.20740828797961   -1.30016287716561   -1.39604654739436
 -1.49403421435074   -1.59333619323231   -1.69339369817414
 -1.79383632813300   -1.89442645980103   -1.99502054518255
 -2.09562572497369   -2.19619376814199   -2.29668748072554
 -2.39710589800616   -2.49745473625311   -2.59774217808385
 -2.69797700557158   -2.79816762567533   -2.89832161385312
 -2.99844555077904   -3.09854501740014   -3.19862466911867
 -3.29868834364494   -3.39873917734085   -3.49877971688134
 -3.59881202003683   -3.69883774332431   -3.79885821640870
 -3.89887450420871   -3.99888745812232   -4.09889775790896
 -4.19890594570910   -4.29891245354046   -4.39891762543746
 -4.49892173522554   -4.59892500075843   -4.69892759530199
 -4.79892965662405   -4.89893129424465   -4.99893259521319
 -5.09893362871049   -5.19893444971053   -5.29893510189434
 -5.39893561996772   -5.49893603150380   -5.59893635840907
 -5.69893661808565   -5.79893682435763   -5.89893698820811
 -5.99893711836065   -6.09893722174438   -6.19893730386774
 -6.29893736910053   -6.39893742091494
 -0.42868751871714   -0.43477290950186   -0.44237051105862
 -0.45183593315629   -0.46359698375628   -0.47816183701770
 -0.49612419856307   -0.51816264431853   -0.54503019155257
 -0.57752913719852   -0.61646584734062   -0.66258153413406
 -0.71645953774048   -0.77841844305398   -0.84841288360980
 -0.92597535111898   -1.01023306612102   -1.10001449594755
 -1.19402289212174   -1.29102073692004   -1.38996561825105
 -1.49006833275621   -1.59078273995771   -1.69175717217132
 -1.79277426161195   -1.89370857248785   -1.99458365626572
 -2.09536681858714   -2.19603129259878   -2.29658517348888
 -2.39704146512399   -2.49741414753925   -2.59771660371677
 -2.69796088793914   -2.79815746589343   -2.89831520850564
 -2.99844151186478   -3.09854247033777   -3.19862306270209
 -3.29868733040470   -3.39873853820143   -3.49877931369839
 -3.59881176568931   -3.69883758286388   -3.79885811517607
 -3.89887444034081   -3.99888741782719   -4.09889773248585
 -4.19890592966891   -4.29891244342014   -4.39891761905214
 -4.49892173119678   -4.59892499821650   -4.69892759369810
 -4.79892965561210   -4.89893129360615   -4.99893259481041
 -5.09893362845643   -5.19893444955013   -5.29893510179300
 -5.39893561990382   -5.49893603146391   -5.59893635838395
 -5.69893661806939   -5.79893682434693   -5.89893698820161
 -5.99893711835655   -6.09893722174193   -6.19893730386535
 -6.29893736909763   -6.39893742091540
 -0.30900377150267   -0.31680800944187   -0.32653102307171
 -0.33861232970561   -0.35357398744233   -0.37202583929753
 -0.39466469363210   -0.42226332261243   -0.45564406813264
 -0.49563144180236   -0.54297948597320   -0.59827436587623
 -0.66182203591374   -0.73354429736783   -0.81291905838646
 -0.89900152419710   -0.99054176189458   -1.08617314084492
 -1.18460954293358   -1.28478656646432   -1.38591668022149
 -1.48747130239030   -1.58912400436392   -1.69068429732656
 -1.79205071806575   -1.89326778746565   -1.99432324003702
 -2.09520361880488   -2.19592862370424   -2.29652055989724
 -2.39700078608842   -2.49738852801080   -2.59770046349448
 -2.69795071685346   -2.79815105488764   -2.89831116675812
 -2.99843896338331   -3.09854086321020   -3.19862204910555
 -3.29868669108667   -3.39873813492893   -3.49877905930596
 -3.59881160520634   -3.69883748161994   -3.79885805130249
 -3.89887440004283   -3.99888739240265   -4.09889771644494
 -4.19890591954821   -4.29891243703467   -4.39891761502328
 -4.49892172865478   -4.59892499661259   -4.69892759268617
 -4.79892965497366   -4.89893129320320   -4.99893259455628
 -5.09893362829586   -5.19893444944883   -5.29893510172914
 -5.39893561986352   -5.49893603143793   -5.59893635836753
 -5.69893661805954   -5.79893682434161   -5.89893698819787
 -5.99893711835263   -6.09893722174063   -6.19893730386445
 -6.29893736909669   -6.39893742091654
 -0.18365433956142   -0.19370944569890   -0.20620386164453
 -0.22167771847152   -0.24076193106522   -0.26417721074668
 -0.29272236499903   -0.32724634499026   -0.36859801899054
 -0.41754904887231   -0.47469022375136   -0.54031171799194
 -0.61429252478079   -0.69603829539380   -0.78450811176460
 -0.87834701604930   -0.97609492404930   -1.07640140160772
 -1.17817402624557   -1.28062915604168   -1.38326306716553
 -1.48578387246774   -1.58803721093361   -1.68995350209680
 -1.79160485077734   -1.89300545066501   -1.99415912081533
 -2.09510049156621   -2.19586378140575   -2.29647976667461
 -2.39697510951521   -2.49737235927417   -2.59769027814823
 -2.69794429871239   -2.79814700956851   -2.89830861648820
 -2.99843735535991   -3.09853984916480   -3.19862140956255
 -3.29868628770138   -3.39873788047992   -3.49877889879461
 -3.59881150394817   -3.69883741773921   -3.79885801100091
 -3.89887437461647   -3.99888737636081   -4.09889770632379
 -4.19890591316252   -4.29891243300564   -4.39891761248126
 -4.49892172705088   -4.59892499560064   -4.69892759204764
 -4.79892965457080   -4.89893129294912   -4.99893259439569
 -5.09893362819485   -5.19893444938495   -5.29893510168879
 -5.39893561983781   -5.49893603142194   -5.59893635835771
 -5.69893661805283   -5.79893682433723   -5.89893698819497
 -5.99893711835291   -6.09893722174093   -6.19893730386279
 -6.29893736909974   -6.39893742091201
