0.3952E-14 
0.1110E-13
0.1824E-13
0.2539E-13
0.3253E-13
0.3968E-13
0.1111E-12
0.1826E-12
0.2540E-12
0.3255E-12
0.3969E-12
0.1111E-11
0.1826E-11
0.2540E-11
0.3255E-11
0.3970E-11
0.1111E-10
0.1826E-10
0.2541E-10
0.3255E-10
0.3970E-10
0.1111E-09
0.1826E-09
0.2541E-09
0.3255E-09
0.3970E-09
0.1111E-08
0.1826E-08
0.2541E-08
0.3255E-08
0.3970E-08
0.1111E-07
0.1826E-07
0.2540E-07
0.3255E-07
0.3970E-07
0.1111E-06
0.1826E-06
0.2540E-06
0.3255E-06
0.3969E-06
0.1111E-05
0.1825E-05
0.2539E-05
0.3253E-05
0.3967E-05
0.1110E-04
0.1821E-04
0.2530E-04
0.3238E-04
0.3945E-04
0.1092E-03
0.1775E-03
0.2442E-03
0.3095E-03
0.3734E-03
0.9422E-03
0.1406E-02
0.1787E-02
0.2106E-02
0.2374E-02
0.2807E-02
0.3241E-02
0.3675E-02
0.4109E-02
0.4543E-02
0.4615E-02
0.4688E-02
0.4760E-02
0.4832E-02
0.4904E-02
0.4916E-02
0.4927E-02
0.4939E-02
0.4951E-02
0.4963E-02
0.9914E-14
0.2781E-13
0.4571E-13
0.6360E-13
0.8150E-13
0.9939E-13
0.2783E-12
0.4573E-12
0.6363E-12
0.8152E-12
0.9942E-12
0.2784E-11
0.4573E-11
0.6363E-11
0.8152E-11
0.9942E-11
0.2784E-10
0.4573E-10
0.6363E-10
0.8152E-10
0.9942E-10
0.2784E-09
0.4573E-09
0.6363E-09
0.8152E-09
0.9942E-09
0.2784E-08
0.4573E-08
0.6363E-08
0.8152E-08
0.9942E-08
0.2784E-07
0.4573E-07
0.6363E-07
0.8152E-07
0.9942E-07
0.2784E-06
0.4573E-06
0.6362E-06
0.8152E-06
0.9941E-06
0.2783E-05
0.4571E-05
0.6359E-05
0.8146E-05
0.9932E-05
0.2776E-04
0.4553E-04
0.6323E-04
0.8087E-04
0.9844E-04
0.2708E-03
0.4373E-03
0.5980E-03
0.7533E-03
0.9033E-03
0.2161E-02
0.3085E-02
0.3783E-02
0.4322E-02
0.4748E-02
0.5263E-02
0.5777E-02
0.6291E-02
0.6805E-02
0.7320E-02
0.7416E-02
0.7512E-02
0.7608E-02
0.7705E-02
0.7801E-02
0.7811E-02
0.7821E-02
0.7832E-02
0.7842E-02
0.7852E-02
0.2481E-13
0.6956E-13
0.1143E-12
0.1590E-12
0.2038E-12
0.2485E-12
0.6960E-12
0.1143E-11
0.1591E-11
0.2038E-11
0.2486E-11
0.6960E-11
0.1143E-10
0.1591E-10
0.2038E-10
0.2486E-10
0.6960E-10
0.1143E-09
0.1591E-09
0.2038E-09
0.2486E-09
0.6960E-09
0.1143E-08
0.1591E-08
0.2038E-08
0.2486E-08
0.6960E-08
0.1143E-07
0.1591E-07
0.2038E-07
0.2486E-07
0.6960E-07
0.1143E-06
0.1591E-06
0.2038E-06
0.2486E-06
0.6959E-06
0.1143E-05
0.1591E-05
0.2038E-05
0.2485E-05
0.6957E-05
0.1143E-04
0.1589E-04
0.2036E-04
0.2482E-04
0.6930E-04
0.1135E-03
0.1575E-03
0.2012E-03
0.2447E-03
0.6665E-03
0.1066E-02
0.1444E-02
0.1802E-02
0.2142E-02
0.4754E-02
0.6418E-02
0.7543E-02
0.8342E-02
0.8931E-02
0.9500E-02
0.1007E-01
0.1064E-01
0.1121E-01
0.1178E-01
0.1189E-01
0.1201E-01
0.1213E-01
0.1225E-01
0.1237E-01
0.1237E-01
0.1238E-01
0.1239E-01
0.1240E-01
0.1241E-01
0.6192E-13
0.1735E-12
0.2851E-12
0.3966E-12
0.5082E-12
0.6198E-12
0.1736E-11
0.2851E-11
0.3967E-11
0.5083E-11
0.6198E-11
0.1736E-10
0.2851E-10
0.3967E-10
0.5083E-10
0.6198E-10
0.1736E-09
0.2851E-09
0.3967E-09
0.5083E-09
0.6198E-09
0.1736E-08
0.2851E-08
0.3967E-08
0.5083E-08
0.6198E-08
0.1736E-07
0.2851E-07
0.3967E-07
0.5083E-07
0.6198E-07
0.1736E-06
0.2851E-06
0.3967E-06
0.5083E-06
0.6198E-06
0.1735E-05
0.2851E-05
0.3966E-05
0.5082E-05
0.6197E-05
0.1734E-04
0.2848E-04
0.3961E-04
0.5072E-04
0.6183E-04
0.1724E-03
0.2819E-03
0.3905E-03
0.4981E-03
0.6048E-03
0.1622E-02
0.2555E-02
0.3412E-02
0.4203E-02
0.4932E-02
0.9912E-02
0.1255E-01
0.1413E-01
0.1517E-01
0.1588E-01
0.1649E-01
0.1709E-01
0.1769E-01
0.1830E-01
0.1890E-01
0.1903E-01
0.1915E-01
0.1928E-01
0.1941E-01
0.1954E-01
0.1954E-01
0.1955E-01
0.1956E-01
0.1957E-01
0.1957E-01
0.1538E-12
0.4308E-12
0.7079E-12
0.9849E-12
0.1262E-11
0.1539E-11
0.4309E-11
0.7080E-11
0.9850E-11
0.1262E-10
0.1539E-10
0.4309E-10
0.7080E-10
0.9850E-10
0.1262E-09
0.1539E-09
0.4309E-09
0.7080E-09
0.9850E-09
0.1262E-08
0.1539E-08
0.4309E-08
0.7080E-08
0.9850E-08
0.1262E-07
0.1539E-07
0.4309E-07
0.7080E-07
0.9850E-07
0.1262E-06
0.1539E-06
0.4309E-06
0.7079E-06
0.9850E-06
0.1262E-05
0.1539E-05
0.4308E-05
0.7077E-05
0.9846E-05
0.1262E-04
0.1538E-04
0.4305E-04
0.7067E-04
0.9825E-04
0.1258E-03
0.1533E-03
0.4262E-03
0.6954E-03
0.9608E-03
0.1222E-02
0.1481E-02
0.3876E-02
0.5974E-02
0.7818E-02
0.9449E-02
0.1090E-01
0.1941E-01
0.2307E-01
0.2503E-01
0.2622E-01
0.2700E-01
0.2762E-01
0.2825E-01
0.2887E-01
0.2950E-01
0.3012E-01
0.3025E-01
0.3037E-01
0.3050E-01
0.3062E-01
0.3075E-01
0.3076E-01
0.3076E-01
0.3077E-01
0.3078E-01
0.3079E-01
0.3794E-12
0.1063E-11
0.1746E-11
0.2429E-11
0.3112E-11
0.3796E-11
0.1063E-10
0.1746E-10
0.2429E-10
0.3113E-10
0.3796E-10
0.1063E-09
0.1746E-09
0.2429E-09
0.3113E-09
0.3796E-09
0.1063E-08
0.1746E-08
0.2429E-08
0.3113E-08
0.3796E-08
0.1063E-07
0.1746E-07
0.2429E-07
0.3113E-07
0.3796E-07
0.1063E-06
0.1746E-06
0.2429E-06
0.3113E-06
0.3796E-06
0.1063E-06
0.1746E-05
0.2429E-05
0.3112E-05
0.3796E-05
0.1062E-04
0.1745E-04
0.2428E-04
0.3111E-04
0.3794E-04
0.1061E-03
0.1741E-03
0.2420E-03
0.3097E-03
0.3772E-03
0.1045E-02
0.1698E-02
0.2336E-02
0.2961E-02
0.3572E-02
0.9025E-02
0.1347E-01
0.1715E-01
0.2022E-01
0.2280E-01
0.3567E-01
0.4014E-01
0.4229E-01
0.4342E-01
0.4402E-01
0.4473E-01
0.4544E-01
0.4616E-01
0.4687E-01
0.4758E-01
0.4770E-01
0.4782E-01
0.4793E-01
0.4805E-01
0.4817E-01
0.4817E-01
0.4818E-01
0.4819E-01
0.4820E-01
0.4820E-01
0.9261E-12
0.2594E-11
0.4261E-11
0.5925E-11
0.7596E-11
0.9264E-11
0.2594E-10
0.4261E-10
0.5929E-10
0.7596E-10
0.9264E-10
0.2594E-09
0.4261E-09
0.5929E-09
0.7596E-09
0.9264E-09
0.2594E-08
0.4261E-08
0.5929E-08
0.7596E-08
0.9264E-08
0.2594E-07
0.4261E-07
0.5929E-07
0.7596E-07
0.9264E-07
0.2594E-06
0.4261E-06
0.5929E-06
0.7596E-06
0.9264E-06
0.2594E-05
0.4261E-05
0.5928E-05
0.7596E-05
0.9263E-05
0.2592E-04
0.4258E-04
0.5923E-04
0.7589E-04
0.9255E-04
0.2587E-03
0.4242E-03
0.5892E-03
0.7536E-03
0.9174E-03
0.2525E-02
0.4077E-02
0.5577E-02
0.7027E-02
0.8430E-02
0.2022E-01
0.2891E-01
0.3551E-01
0.4063E-01
0.4470E-01
0.6181E-01
0.6665E-01
0.6842E-01
0.6920E-01
0.6973E-01
0.7066E-01
0.7160E-01
0.7253E-01
0.7347E-01
0.7440E-01
0.7451E-01
0.7461E-01
0.7471E-01
0.7481E-01
0.7491E-01
0.7492E-01
0.7493E-01
0.7494E-01
0.7494E-01
0.7495E-01
0.2223E-11
0.6226E-11
0.1023E-10
0.1423E-10
0.1824E-10
0.2224E-10
0.6227E-10
0.1023E-09
0.1423E-09
0.1824E-09
0.2224E-09
0.6227E-09
0.1023E-08
0.1423E-08
0.1824E-08
0.2224E-08
0.6227E-08
0.1023E-07
0.1423E-07
0.1824E-07
0.2224E-07
0.6227E-07
0.1023E-06
0.1423E-06
0.1824E-06
0.2224E-06
0.6227E-06
0.1023E-05
0.1423E-05
0.1824E-05
0.2224E-05
0.6226E-05
0.1023E-04
0.1423E-04
0.1823E-04
0.2224E-04
0.6220E-04
0.1022E-03
0.1421E-03
0.1821E-03
0.2220E-03
0.6200E-03
0.1016E-02
0.1409E-02
0.1801E-02
0.2190E-02
0.5969E-02
0.9550E-02
0.1295E-01
0.1617E-01
0.1923E-01
0.4291E-01
0.5817E-01
0.6858E-01
0.7604E-01
0.8158E-01
0.1018E+00
0.1058E+00
0.1072E+00
0.1083E+00
0.1092E+00
0.1103E+00
0.1114E+00
0.1126E+00
0.1137E+00
0.1148E+00
0.1149E+00
0.1150E+00
0.1151E+00
0.1152E+00
0.1152E+00
0.1153E+00
0.1153E+00
0.1153E+00
0.1153E+00
0.1153E+00
0.5203E-11
0.1457E-10
0.2394E-10
0.3330E-10
0.4267E-10
0.5204E-10
0.1457E-09
0.2394E-09
0.3330E-09
0.4267E-09
0.5204E-09
0.1457E-08
0.2394E-08
0.3330E-08
0.4267E-08
0.5204E-08
0.1457E-07
0.2394E-07
0.3330E-07
0.4267E-07
0.5204E-07
0.1457E-06
0.2394E-06
0.3330E-06
0.4267E-06
0.5204E-06
0.1457E-05
0.2394E-05
0.3330E-05
0.4267E-05
0.5204E-05
0.1457E-04
0.2393E-04
0.3330E-04
0.4266E-04
0.5203E-04
0.1454E-03
0.2389E-03
0.3323E-03
0.4257E-03
0.5191E-03
0.1447E-02
0.2368E-02
0.3280E-02
0.4185E-02
0.5082E-02
0.1365E-01
0.2154E-01
0.2881E-01
0.3554E-01
0.4176E-01
0.8489E-01
0.1084E+00
0.1227E+00
0.1321E+00
0.1388E+00
0.1593E+00
0.1628E+00
0.1650E+00
0.1667E+00
0.1679E+00
0.1692E+00
0.1704E+00
0.1716E+00
0.1728E+00
0.1740E+00
0.1741E+00
0.1741E+00
0.1742E+00
0.1743E+00
0.1744E+00
0.1744E+00
0.1744E+00
0.1744E+00
0.1744E+00
0.1744E+00
0.1171E-10
0.3279E-10
0.5387E-10
0.7494E-10
0.9602E-10
0.1171E-09
0.3279E-09
0.5387E-09
0.7495E-08
0.9602E-09
0.1171E-08
0.3279E-08
0.5387E-08
0.7495E-08
0.9602E-08
0.1171E-07
0.3279E-07
0.5387E-07
0.7495E-07
0.9602E-07
0.1171E-06
0.3279E-06
0.5387E-06
0.7495E-06
0.9602E-06
0.1171E-05
0.3279E-05
0.5387E-05
0.7494E-05
0.9602E-05
0.1171E-04
0.3278E-04
0.5385E-04
0.7492E-04
0.9599E-04
0.1171E-03
0.3270E-03
0.5369E-03
0.7469E-03
0.9568E-03
0.1167E-02
0.3245E-02
0.5297E-02
0.7321E-02
0.9320E-02
0.1129E-01
0.2968E-01
0.4592E-01
0.6031E-01
0.7313E-01
0.8460E-01
0.1542E+00
0.1856E+00
0.2029E+00
0.2137E+00
0.2210E+00
0.2393E+00
0.2444E+00
0.2475E+00
0.2496E+00
0.2510E+00
0.2522E+00
0.2534E+00
0.2546E+00
0.2558E+00
0.2570E+00
0.2570E+00
0.2571E+00
0.2572E+00
0.2572E+00
0.2573E+00
0.2573E+00
0.2573E+00
0.2573E+00
0.2573E+00
0.2573E+00
0.2486E-10
0.6960E-10
0.1143E-09
0.1591E-09
0.2038E-09
0.2486E-09
0.6960E-09
0.1143E-08
0.1591E-08
0.2038E-08
0.2486E-08
0.6960E-08
0.1143E-07
0.1591E-07
0.2038E-07
0.2486E-07
0.6960E-07
0.1143E-06
0.1591E-06
0.2038E-06
0.2486E-06
0.6960E-06
0.1143E-05
0.1591E-05
0.2038E-05
0.2486E-05
0.6960E-05
0.1143E-04
0.1591E-04
0.2038E-04
0.2486E-04
0.6957E-04
0.1143E-03
0.1590E-03
0.2037E-03
0.2484E-03
0.6931E-03
0.1138E-02
0.1583E-02
0.2027E-02
0.2472E-02
0.6852E-02
0.1115E-01
0.1536E-01
0.1948E-01
0.2353E-01
0.6001E-01
0.9038E-01
0.1159E+00
0.1376E+00
0.1562E+00
0.2544E+00
0.2917E+00
0.3107E+00
0.3216E+00
0.3279E+00
0.3461E+00
0.3529E+00
0.3566E+00
0.3588E+00
0.3603E+00
0.3614E+00
0.3625E+00
0.3636E+00
0.3647E+00
0.3658E+00
0.3659E+00
0.3660E+00
0.3660E+00
0.3661E+00
0.3662E+00
0.3662E+00
0.3662E+00
0.3662E+00
0.3662E+00
0.3662E+00
0.4852E-10
0.1359E-09
0.2232E-09
0.3106E-09
0.3979E-09
0.4852E-09
0.1359E-08
0.2232E-08
0.3106E-08
0.3979E-08
0.4852E-08
0.1359E-07
0.2232E-07
0.3106E-07
0.3979E-07
0.4852E-07
0.1359E-06
0.2232E-06
0.3106E-06
0.3979E-06
0.4852E-06
0.1359E-05
0.2232E-05
0.3106E-05
0.3979E-05
0.4852E-05
0.1359E-04
0.2232E-04
0.3105E-04
0.3979E-04
0.4852E-04
0.1358E-03
0.2230E-03
0.3103E-03
0.3976E-03
0.4848E-03
0.1350E-02
0.2216E-02
0.3081E-02
0.3947E-02
0.4812E-02
0.1328E-01
0.2150E-01
0.2948E-01
0.3724E-01
0.4477E-01
0.1098E+00
0.1600E+00
0.1996E+00
0.2316E+00
0.2578E+00
0.3799E+00
0.4203E+00
0.4384E+00
0.4476E+00
0.4533E+00
0.4752E+00
0.4830E+00
0.4869E+00
0.4891E+00
0.4906E+00
0.4915E+00
0.4925E+00
0.4934E+00
0.4944E+00
0.4953E+00
0.4954E+00
0.4955E+00
0.4955E+00
0.4956E+00
0.4957E+00
0.4957E+00
0.4957E+00
0.4957E+00
0.4957E+00
0.4957E+00
0.8467E-10
0.2371E-09
0.3895E-09
0.5419E-09
0.6943E-09
0.8467E-09
0.2371E-08
0.3895E-08
0.5419E-08
0.6943E-08
0.8467E-08
0.2371E-07
0.3895E-07
0.5419E-07
0.6943E-07
0.8467E-07
0.2371E-06
0.3895E-06
0.5419E-06
0.6943E-06
0.8467E-06
0.2371E-05
0.3895E-05
0.5419E-05
0.6943E-05
0.8467E-05
0.2371E-04
0.3894E-04
0.5418E-04
0.6942E-04
0.8466E-04
0.2369E-03
0.3891E-03
0.5413E-03
0.6935E-03
0.8457E-03
0.2350E-02
0.3855E-02
0.5359E-02
0.6864E-02
0.8368E-02
0.2295E-01
0.3693E-01
0.5035E-01
0.6325E-01
0.7564E-01
0.1770E+00
0.2491E+00
0.3025E+00
0.3434E+00
0.3757E+00
0.5132E+00
0.5527E+00
0.5691E+00
0.5783E+00
0.5846E+00
0.6104E+00
0.6185E+00
0.6223E+00
0.6244E+00
0.6257E+00
0.6265E+00
0.6273E+00
0.6281E+00
0.6288E+00
0.6296E+00
0.6297E+00
0.6298E+00
0.6298E+00
0.6299E+00
0.6300E+00
0.6300E+00
0.6300E+00
0.6300E+00
0.6300E+00
0.6300E+00
0.1294E-09
0.3622E-09
0.5951E-09
0.8280E-09
0.1061E-08
0.1294E-08
0.3622E-08
0.5951E-08
0.8280E-08
0.1061E-07
0.1294E-07
0.3622E-07
0.5951E-07
0.8280E-07
0.1061E-06
0.1294E-06
0.3622E-06
0.5951E-06
0.8280E-06
0.1061E-05
0.1294E-05
0.3622E-05
0.5951E-05
0.8280E-05
0.1061E-04
0.1294E-04
0.3622E-04
0.5950E-04
0.8279E-04
0.1061E-03
0.1294E-03
0.3618E-03
0.5943E-03
0.8267E-03
0.1059E-02
0.1292E-02
0.3580E-02
0.5869E-02
0.8157E-02
0.1045E-01
0.1273E-01
0.3467E-01
0.5543E-01
0.7510E-01
0.9375E-01
0.1115E+00
0.2489E+00
0.3393E+00
0.4028E+00
0.4497E+00
0.4857E+00
0.6300E+00
0.6676E+00
0.6842E+00
0.6943E+00
0.7015E+00
0.7293E+00
0.7372E+00
0.7406E+00
0.7423E+00
0.7433E+00 
0.7439E+00
0.7446E+00
0.7452E+00
0.7459E+00
0.7465E+00
0.7466E+00
0.7466E+00
0.7467E+00
0.7468E+00
0.7468E+00
0.7468E+00
0.7468E+00
0.7468E+00
0.7468E+00
0.7468E+00
0.1739E-09
0.4868E-09
0.7998E-09
0.1113E-08
0.1426E-08
0.1739E-08
0.4868E-08
0.7998E-08
0.1113E-07
0.1426E-07
0.1739E-07
0.4868E-07
0.7998E-07
0.1113E-06
0.1426E-06
0.1739E-06
0.4868E-06
0.7998E-06
0.1113E-05
0.1426E-05
0.1739E-05
0.4868E-05
0.7998E-05
0.1113E-04
0.1426E-04
0.1739E-04
0.4868E-04
0.7997E-04
0.1113E-03
0.1425E-03
0.1738E-03
0.4861E-03
0.7984E-03
0.1111E-02
0.1423E-02
0.1735E-02
0.4797E-02
0.7858E-02
0.1092E-01
0.1398E-01
0.1704E-01
0.4608E-01
0.7318E-01
0.9852E-01
0.1223E+00
0.1446E+00
0.3100E+00
0.4124E+00
0.4818E+00
0.5319E+00
0.5698E+00
0.7156E+00
0.7529E+00
0.7703E+00
0.7810E+00
0.7887E+00
0.8168E+00
0.8236E+00
0.8262E+00
0.8274E+00
0.8282E+00
0.8287E+00
0.8293E+00
0.8298E+00
0.8304E+00
0.8310E+00
0.8310E+00
0.8311E+00
0.8311E+00
0.8312E+00
0.8312E+00
0.8312E+00
0.8312E+00
0.8312E+00
0.8312E+00
0.8313E+00
0.2128E-09
0.5957E-09
0.9787E-09
0.1362E-08
0.1745E-08
0.2128E-08
0.5957E-08
0.9787E-08
0.1362E-07
0.1745E-07
0.2128E-07
0.5957E-07
0.9787E-07
0.1362E-06
0.1745E-06
0.2128E-06
0.5957E-06
0.9787E-06
0.1362E-05
0.1745E-05
0.2128E-05
0.5957E-05
0.9787E-05
0.1362E-04
0.1745E-04
0.2128E-04
0.5956E-04
0.9785E-04
0.1361E-03
0.1744E-03
0.2127E-03
0.5946E-03
0.9766E-03
0.1358E-02
0.1740E-02
0.2122E-02
0.5851E-02
0.9580E-02
0.1331E-01
0.1704E-01
0.2077E-01
0.5575E-01
0.8796E-01
0.1177E+00
0.1453E+00
0.1710E+00
0.3547E+00
0.4635E+00
0.5358E+00
0.5875E+00
0.6261E+00
0.7718E+00
0.8096E+00
0.8275E+00
0.8385E+00
0.8463E+00
0.8737E+00
0.8796E+00
0.8817E+00
0.8827E+00
0.8834E+00
0.8839E+00
0.8844E+00
0.8849E+00
0.8854E+00
0.8859E+00
0.8860E+00
0.8860E+00
0.8861E+00
0.8861E+00
0.8862E+00
0.8862E+00
0.8862E+00
0.8862E+00
0.8862E+00
0.8862E+00
0.2465E-09
0.6902E-09
0.1134E-08
0.1578E-08
0.2021E-08
0.2465E-08
0.6902E-08
0.1134E-07
0.1578E-07
0.2021E-07
0.2465E-07
0.6902E-07
0.1134E-06
0.1578E-06
0.2021E-06
0.2465E-06
0.6902E-06
0.1134E-05
0.1578E-05
0.2021E-05
0.2465E-05
0.6092E-05
0.1134E-04
0.1578E-04
0.2021E-04
0.2465E-04
0.6901E-04
0.1134E-03
0.1577E-03
0.2021E-03
0.2464E-03
0.6887E-03
0.1131E-02
0.1573E-02
0.2015E-02
0.2458E-02
0.6754E-02
0.1105E-01
0.1535E-01
0.1964E-01
0.2394E-01
0.6376E-01
0.9991E-01
0.1329E+00
0.1632E+00
0.1911E+00
0.3854E+00
0.4974E+00
0.5710E+00
0.6231E+00
0.6620E+00
0.8076E+00
0.8458E+00
0.8639E+00
0.8751E+00
0.8828E+00
0.9097E+00
0.9154E+00
0.9174E+00
0.9184E+00
0.9190E+00
0.9195E+00
0.9200E+00
0.9205E+00
0.9210E+00
0.9215E+00
0.9216E+00
0.9216E+00
0.9217E+00
0.9217E+00
0.9218E+00
0.9218E+00
0.9218E+00
0.9218E+00
0.9218E+00
0.9218E+00
0.2767E-09
0.7748E-09
0.1273E-08
0.1771E-08
0.2269E-08
0.2767E-08
0.7748E-08
0.1273E-07
0.1771E-07
0.2269E-07
0.2767E-07
0.7748E-07
0.1273E-06
0.1171E-06
0.2269E-06
0.2767E-06
0.7748E-06
0.1273E-05
0.1771E-05
0.2269E-05
0.2767E-05
0.7748E-05
0.1273E-04
0.1771E-04
0.2269E-04
0.2767E-04
0.7746E-04
0.1273E-03
0.1770E-03
0.2268E-03
0.2766E-03
0.7728E-03
0.1269E-02
0.1765E-02
0.2261E-02
0.2757E-02
0.7547E-02
0.1234E-01
0.1713E-01
0.2192E-01
0.2671E-01
0.7045E-01
0.1095E+00
0.1448E+00
0.1768E+00
0.2061E+00
0.4060E+00
0.5194E+00
0.5934E+00
0.6456E+00
0.6844E+00
0.8304E+00
0.8688E+00
0.8869E+00
0.8981E+00
0.9058E+00
0.9324E+00
0.9380E+00
0.9400E+00
0.9410E+00
0.9417E+00
0.9422E+00
0.9426E+00
0.9431E+00
0.9436E+00
0.9441E+00
0.9442E+00
0.9442E+00
0.9443E+00
0.9443E+00
0.9444E+00
0.9444E+00
0.9444E+00
0.9444E+00
0.9444E+00
0.9444E+00
0.3044E-09
0.8523E-09
0.1400E-08
0.1948E-08
0.2496E-08
0.3044E-08
0.8524E-08
0.1400E-07
0.1948E-07
0.2496E-07
0.3044E-07
0.8524E-07
0.1400E-06
0.1948E-06
0.2496E-06
0.3044E-06
0.8523E-06
0.1400E-05
0.1948E-05
0.2496E-05
0.3044E-05
0.8523E-05
0.1400E-04
0.1948E-04
0.2496E-04
0.3044E-04
0.8521E-04
0.1400E-03
0.1947E-03
0.2495E-03
0.3043E-03
0.8495E-03
0.1395E-02
0.1940E-02
0.2485E-02
0.3030E-02
0.8252E-02
0.1347E-01
0.1870E-01
0.2392E-01
0.2914E-01
0.7599E-01
0.1171E+00
0.1538E+00
0.1869E+00
0.2169E+00
0.4196E+00
0.5334E+00
0.6075E+00
0.6597E+00
0.6986E+00
0.8489E+00
0.8833E+00
0.9014E+00
0.9126E+00
0.9203E+00
0.9468E+00
0.9524E+00
0.9544E+00
0.9554E+00
0.9560E+00
0.9565E+00
0.9570E+00
0.9575E+00
0.9580E+00
0.9585E+00
0.9585E+00
0.9586E+00
0.9586E+00
0.9587E+00
0.9587E+00
0.9587E+00
0.9587E+00
0.9587E+00
0.9587E+00
0.9587E+00
0.3301E-09
0.9243E-09
0.1519E-08
0.2113E-08
0.2707E-08
0.3301E-08
0.9243E-08
0.1519E-07
0.2113E-07
0.2707E-07
0.3301E-07
0.9243E-07
0.1519E-06
0.2113E-06
0.2707E-06
0.3301E-06
0.9243E-06
0.1519E-05
0.2113E-05
0.2707E-05
0.3301E-05
0.9243E-05
0.1518E-04
0.2113E-04
0.2707E-04
0.3301E-04
0.9239E-04
0.1518E-03
0.2112E-03
0.2705E-03
0.3299E-03
0.9204E-03
0.1511E-02
0.2101E-02
0.2692E-02
0.3282E-02
0.8880E-02
0.1448E-01
0.2007E-01
0.2567E-01
0.3127E-01
0.8046E-01
0.1230E+00
0.1605E+00
0.1941E+00
0.2245E+00
0.4283E+00
0.5423E+00
0.6164E+00
0.6687E+00
0.7076E+00
0.8540E+00
0.8924E+00
0.9106E+00
0.9217E+00
0.9294E+00
0.9559E+00
0.9614E+00
0.9635E+00
0.9645E+00
0.9651E+00
0.9656E+00
0.9661E+00
0.9665E+00
0.9670E+00
0.9675E+00
0.9676E+00
0.9676E+00
0.9677E+00
0.9677E+00
0.9678E+00
0.9678E+00
0.9678E+00
0.9678E+00
0.9678E+00
0.9678E+00
0.3542E-09
0.9919E-09
0.1629E-08
0.2267E-08
0.2905E-08
0.3542E-08
0.9919E-08
0.1629E-07
0.2267E-07
0.2905E-07
0.3542E-07
0.9919E-07
0.1629E-06
0.2267E-06
0.2905E-06
0.3542E-06
0.9919E-06
0.1629E-05
0.2267E-05
0.2905E-05
0.3542E-05
0.9918E-05
0.1629E-04
0.2267E-04
0.2905E-04
0.3542E-04
0.9913E-04
0.1628E-03
0.2266E-03
0.2903E-03
0.3540E-03
0.9865E-03
0.1619E-02
0.2251E-02
0.2884E-02
0.3516E-02
0.9433E-02
0.1535E-01
0.2127E-01
0.2718E-01
0.3310E-01
0.8395E-01
0.1272E+00
0.1652E+00
0.1991E+00
0.2297E+00
0.4339E+00
0.5479E+00
0.6221E+00
0.6744E+00
0.7133E+00
0.8598E+00
0.8982E+00
0.9163E+00
0.9274E+00
0.9351E+00
0.9616E+00
0.9672E+00
0.9692E+00
0.9702E+00
0.9708E+00
0.9713E+00
0.9718E+00
0.9723E+00
0.9728E+00
0.9732E+00
0.9733E+00
0.9733E+00
0.9734E+00
0.9734E+00
0.9735E+00
0.9735E+00
0.9735E+00
0.9735E+00
0.9735E+00
0.9735E+00
