0.3542E-09
0.3542E-08
0.3542E-07
0.3542E-06
0.3542E-05
0.3542E-04
0.3540E-03
0.3516E-02
0.3310E-01
0.2297E+00
0.5670E+00
0.7133E+00
0.9351E+00
0.9708E+00
0.9732E+00
0.9735E+00
0.9735E+00
0.4582E-09
0.4582E-08
0.4582E-07
0.4582E-06
0.4582E-05
0.4581E-04
0.4567E-03
0.4445E-02
0.3799E-01
0.2381E+00
0.5758E+00
0.7222E+00
0.9440E+00
0.9796E+00
0.9821E+00
0.9823E+00
0.9823E+00
0.5445E-09
0.5445E-08
0.5445E-07
0.5445E-06
0.5444E-05
0.5435E-04
0.5349E-03
0.4883E-02
0.3881E-01
0.2390E+00
0.5767E+00
0.7231E+00
0.9449E+00
0.9805E+00
0.9830E+00
0.9832E+00
0.9832E+00
0.6199E-09
0.6199E-08
0.6199E-07
0.6198E-06
0.6191E-05
0.6124E-04
0.5753E-03
0.4964E-02
0.3890E-01
0.2391E+00
0.5767E+00
0.7232E+00
0.9450E+00
0.9806E+00
0.9831E+00
0.9833E+00
0.9833E+00
0.6875E-09
0.6875E-08
0.6874E-07
0.6868E-06
0.6814E-05
0.6502E-04
0.5833E-03
0.4973E-02
0.3891E-01
0.2391E+00
0.5768E+00
0.7232E+00
0.9450E+00
0.9806E+00
0.9831E+00
0.9833E+00
0.9833E+00
0.7495E-09
0.7494E-08
0.7489E-07
0.7443E-06
0.7172E-05
0.6581E-04
0.5841E-03
0.4974E-02
0.3891E-01
0.2391E+00
0.5768E+00
0.7232E+00
0.9450E+00
0.9806E+00
0.9831E+00
0.9833E+00
0.9833E+00
0.8069E-09
0.8065E-08
0.8024E-07
0.7784E-06
0.7250E-05
0.6590E-04
0.5842E-03
0.4974E-02
0.3891E-01
0.2391E+00
0.5768E+00
0.7232E+00
0.9450E+00
0.9806E+00
0.9831E+00
0.9833E+00
0.9833E+00
0.8605E-09
0.8569E-08
0.8352E-07
0.7862E-06
0.7259E-05
0.6591E-04
0.5842E-03
0.4974E-02
0.3891E-01
0.2391E+00
0.5768E+00
0.7232E+00
0.9450E+00
0.9806E+00
0.9831E+00
0.9833E+00
0.9833E+00
0.9070E-09
0.8880E-08
0.8428E-07
0.7870E-06
0.7260E-05
0.6591E-04
0.5842E-03
0.4974E-02
0.3891E-01
0.2391E+00
0.5768E+00
0.7232E+00
0.9450E+00
0.9806E+00
0.9831E+00
0.9833E+00
0.9833E+00
