914.039     3.9340E-004    1100120  !Hyd n=1 -> n=11...20
914.286     4.5900E-004    1100119
914.576     5.4040E-004    1100118
914.920     6.4200E-004    1100117
915.329     7.7100E-004    1100116
915.824     9.3740E-004    1100115
916.429     1.1548E-003    1100114
917.181     1.4454E-003    1100113
918.130     1.8428E-003    1100112
919.352     2.4020E-003    1100111
920.598     3.5326E-003    2200220  !HeII n=2 -> n=15...20
921.604     4.1329E-003    2200219
922.784     4.8781E-003    2200218
924.184     5.8152E-003    2200217
925.859     7.0106E-003    2200216
927.888     8.5605E-003    2200215
