NPMAX  :      1075
NPIC   :       184
       1   6   5  211    1  -.178769E+01     359                                
       2   6   5  410    1  -.139940E+01     166                                
       3   6   5  220    1  -.109975E+01     519                                
       4   6   5  200    1  -.893962E+00     699                                
       5   6   5  210    1  -.766486E+00     667                                
       6   6   5  200    2  -.725253E+00     513                                
       7   6   5  211    2  -.590082E+00     374                                
       8   6   5  401    1  -.487900E+00     464                                
       9   6   5  220    2  -.463979E+00     432                                
      10   6   5  221    1  -.410622E+00    1075                                
      11   6   5  200    3  -.358541E+00     454                                
      12   6   5  211    3  -.310093E+00     587                                
      13   6   5  411    1  -.267141E+00     167                                
      14   6   5  220    3  -.259310E+00     393                                
      15   6   5  231    1  -.252053E+00     566                                
      16   6   5  211    4  -.242561E+00     907                                
      17   6   5  200    4  -.212125E+00     499                                
      18   6   5  211    5  -.189475E+00     752                                
      19   6   5  220    4  -.165207E+00     405                                
      20   6   5  211    6  -.163384E+00     883                                
      21   6   5  231    2  -.161225E+00     510                                
      22   6   5  240    1  -.160175E+00       0                                
      23   6   5  200    5  -.140143E+00     536                                
      24   6   5  420    1  -.134692E+00     105                                
      25   6   5  210    2  -.131032E+00     677                                
      26   6   5  211    7  -.124104E+00     607                                
      27   6   5  220    5  -.114466E+00     411                                
      28   6   5  231    3  -.111881E+00     464                                
      29   6   5  240    2  -.111256E+00       0                                
      30   6   5  400    1  -.104769E+00      68                                
      31   6   5  200    6  -.994760E-01     568                                
      32   6   5  211    8  -.901943E-01     505                                
      33   6   5  410    2  -.901524E-01     160                                
      34   6   5  220    6  -.844072E-01     513                                
      35   6   5  231    4  -.821428E-01     448                                
      36   6   5  240    3  -.817375E-01       0                                
      37   6   5  200    7  -.742722E-01     546                                
      38   6   5  220    7  -.697017E-01     635                                
      39   6   5  211    9  -.682796E-01     467                                
      40   6   5  231    5  -.628536E-01     461                                
      41   6   5  240    4  -.625755E-01       0                                
      42   6   5  220    8  -.622036E-01     638                                
      43   6   5  200    8  -.575835E-01     550                                
      44   6   5  211   10  -.534454E-01     433                                
      45   6   5  220    9  -.498605E-01     520                                
      46   6   5  231    6  -.496370E-01     458                                
      47   6   5  240    5  -.494380E-01       0                                
      48   6   5  200    9  -.459740E-01     533                                
      49   6   5  211   11  -.429586E-01     413                                
      50   6   5  220   10  -.404418E-01       0                                
      51   6   5  231    7  -.401886E-01       0                                
      52   6   5  240    6  -.400415E-01       0                                
      53   6   5  431    1  -.816360E-02       0                                
      54   6   5  421    1  0.100906E-02       0                                
      55   6   5  221    2  0.182143E-01       0                                
      56   6   5  411    2  0.235298E-01       0                                
      57   6   5  411    3  0.118862E+00       0                                
      58   6   5  210    3  0.162771E+00       0                                
      59   6   5  420    2  0.165933E+00       0                                
      60   6   5  400    2  0.175316E+00       0                                
      61   6   5  410    3  0.181062E+00       0                                
      62   6   5  431    2  0.208837E+00       0                                
      63   6   5  421    2  0.214838E+00       0                                
      64   6   5  221    3  0.219217E+00       0                                
      65   6   5  411    4  0.220992E+00       0                                
      66   6   5  230    1  0.222898E+00       0                                
      67   6   5  430    1  0.223012E+00       0                                
      68   6   5  440    1  0.227710E+00       0                                
      69   6   5  420    3  0.229186E+00       0                                
      70   6   5  411    5  0.266041E+00       0                                
      71   6   5  210    4  0.285208E+00       0                                
      72   6   5  420    4  0.287927E+00       0                                
      73   6   5  400    3  0.292344E+00       0                                
      74   6   5  410    4  0.294811E+00       0                                
      75   6   5  431    3  0.307979E+00       0                                
      76   6   5  421    3  0.311114E+00       0                                
      77   6   5  221    4  0.312624E+00       0                                
      78   6   5  411    6  0.314022E+00       0                                
      79   6   5  230    2  0.315235E+00       0                                
      80   6   5  430    2  0.315323E+00       0                                
      81   6   5  441    1  0.317122E+00       0                                
      82   6   5  241    1  0.317122E+00       0                                
      83   6   5  440    2  0.317596E+00       0                                
      84   6   5  431    4  0.318090E+00       0                                
      85   6   5  420    5  0.318268E+00       0                                
      86   6   5  411    7  0.338021E+00       0                                
      87   6   5  210    5  0.346370E+00       0                                
      88   6   5  420    6  0.349954E+00       0                                
      89   6   5  400    4  0.352314E+00       0                                
      90   6   5  410    5  0.353730E+00       0                                
      91   6   5  210    6  0.358687E+00       0                                
      92   6   5  431    5  0.360984E+00       0                                
      93   6   5  421    4  0.362847E+00       0                                
      94   6   5  221    5  0.363392E+00       0                                
      95   6   5  411    8  0.364385E+00       0                                
      96   6   5  230    3  0.365165E+00       0                                
      97   6   5  430    3  0.365225E+00       0                                
      98   6   5  241    2  0.366192E+00       0                                
      99   6   5  441    2  0.366193E+00       0                                
     100   6   5  440    3  0.366499E+00       0                                
     101   6   5  440    4  0.366756E+00       0                                
     102   6   5  420    7  0.366870E+00       0                                
     103   6   5  431    6  0.366885E+00       0                                
     104   6   5  411    9  0.378631E+00       0                                
     105   6   5  210    7  0.385347E+00       0                                
     106   6   5  420    8  0.385848E+00       0                                
     107   6   5  400    5  0.387254E+00       0                                
     108   6   5  410    6  0.388147E+00       0                                
     109   6   5  431    7  0.392571E+00       0                                
     110   6   5  421    5  0.393761E+00       0                                
     111   6   5  221    6  0.393907E+00       0                                
     112   6   5  411   10  0.394667E+00       0                                
     113   6   5  230    4  0.395179E+00       0                                
     114   6   5  430    4  0.395220E+00       0                                
     115   6   5  441    3  0.395826E+00       0                                
     116   6   5  241    3  0.395826E+00       0                                
     117   6   5  440    5  0.396024E+00       0                                
     118   6   5  440    6  0.396214E+00       0                                
     119   6   5  420    9  0.396250E+00       0                                
     120   6   5  431    8  0.396295E+00       0                                
     121   6   5  411   11  0.403794E+00       0                                
     122   6   5  210    8  0.407960E+00       0                                
     123   6   5  420   10  0.408487E+00       0                                
     124   6   5  400    6  0.409394E+00       0                                
     125   6   5  410    7  0.409991E+00       0                                
     126   6   5  431    9  0.412891E+00       0                                
     127   6   5  221    7  0.413648E+00       0                                
     128   6   5  421    6  0.413694E+00       0                                
     129   6   5  411   12  0.414273E+00       0                                
     130   6   5  230    5  0.414621E+00       0                                
     131   6   5  430    5  0.414650E+00       0                                
     132   6   5  441    4  0.415061E+00       0                                
     133   6   5  241    4  0.415061E+00       0                                
     134   6   5  440    7  0.415194E+00       0                                
     135   6   5  440    8  0.415332E+00       0                                
     136   6   5  420   11  0.415342E+00       0                                
     137   6   5  431   10  0.415384E+00       0                                
     138   6   5  411   13  0.420461E+00       0                                
     139   6   5  210    9  0.423259E+00       0                                
     140   6   5  420   12  0.423684E+00       0                                
     141   6   5  400    7  0.424303E+00       0                                
     142   6   5  410    8  0.424720E+00       0                                
     143   6   5  431   11  0.426725E+00       0                                
     144   6   5  221    8  0.427142E+00       0                                
     145   6   5  421    7  0.427291E+00       0                                
     146   6   5  411   14  0.427685E+00       0                                
     147   6   5  230    6  0.427930E+00       0                                
     148   6   5  430    6  0.427952E+00       0                                
     149   6   5  241    5  0.428244E+00       0                                
     150   6   5  441    5  0.428245E+00       0                                
     151   6   5  440    9  0.428338E+00       0                                
     152   6   5  440   10  0.428439E+00       0                                
     153   6   5  420   13  0.428439E+00       0                                
     154   6   5  431   12  0.428475E+00       0                                
     155   6   5  411   15  0.432070E+00       0                                
     156   6   5  210   10  0.434044E+00       0                                
     157   6   5  420   14  0.434377E+00       0                                
     158   6   5  400    8  0.434820E+00       0                                
     159   6   5  410    9  0.435122E+00       0                                
     160   6   5  431   13  0.436566E+00       0                                
     161   6   5  221    9  0.436768E+00       0                                
     162   6   5  421    8  0.436980E+00       0                                
     163   6   5  411   16  0.437260E+00       0                                
     164   6   5  230    7  0.437439E+00       0                                
     165   6   5  430    7  0.437455E+00       0                                
     166   6   5  441    6  0.437671E+00       0                                
     167   6   5  241    6  0.437671E+00       0                                
     168   6   5  440   11  0.437739E+00       0                                
     169   6   5  201    1  0.631842E+00       0                                
     170   6   5  401    2  0.715475E+00       0                                
     171   6   5  201    2  0.943239E+00       0                                
     172   6   5  401    3  0.971876E+00       0                                
     173   6   5  201    3  0.106788E+01       0                                
     174   6   5  401    4  0.108095E+01       0                                
     175   6   5  201    4  0.113097E+01       0                                
     176   6   5  401    5  0.113804E+01       0                                
     177   6   5  201    5  0.116731E+01       0                                
     178   6   5  401    6  0.117158E+01       0                                
     179   6   5  201    6  0.119017E+01       0                                
     180   6   5  401    7  0.119295E+01       0                                
     181   6   5  201    7  0.120549E+01       0                                
     182   6   5  401    8  0.120740E+01       0                                
     183   6   5  201    8  0.121625E+01       0                                
     184   6   5  401    9  0.121762E+01       0                                
