NPMAX  :      1485
NPIC   :       136
       1   6   4  100    1  -.351171E+01     457                                
       2   6   4  311    1  -.303283E+01     354                                
       3   6   4  111    1  -.256260E+01     521                                
       4   6   4  310    1  -.224538E+01     681                                
       5   6   4  120    1  -.216932E+01     823                                
       6   6   4  100    2  -.180550E+01     820                                
       7   6   4  300    1  -.134713E+01     620                                
       8   6   4  100    3  -.126280E+01     755                                
       9   6   4  111    2  -.115655E+01     874                                
      10   6   4  311    2  -.115013E+01     840                                
      11   6   4  320    1  -.105824E+01    1104                                
      12   6   4  120    2  -.996289E+00    1299                                
      13   6   4  311    3  -.704145E+00     990                                
      14   6   4  300    2  -.698813E+00     730                                
      15   6   4  111    3  -.690087E+00     895                                
      16   6   4  100    4  -.678189E+00     783                                
      17   6   4  311    4  -.622372E+00     864                                
      18   6   4  110    1  -.599342E+00    1187                                
      19   6   4  320    2  -.588515E+00     973                                
      20   6   4  331    1  -.584786E+00    1217                                
      21   6   4  131    1  -.578764E+00    1319                                
      22   6   4  111    4  -.576174E+00     940                                
      23   6   4  320    3  -.569686E+00    1072                                
      24   6   4  120    3  -.563728E+00    1205                                
      25   6   4  300    3  -.529999E+00    1209                                
      26   6   4  310    2  -.504794E+00    1178                                
      27   6   4  121    1  -.482197E+00    1216                                
      28   6   4  331    2  -.477162E+00    1414                                
      29   6   4  120    4  -.474790E+00    1288                                
      30   6   4  321    1  -.436097E+00    1485                                
      31   6   4  100    5  -.430367E+00    1210                                
      32   6   4  300    4  -.421283E+00     754                                
      33   6   4  311    5  -.413555E+00    1393                                
      34   6   4  131    2  -.405306E+00    1322                                
      35   6   4  111    5  -.388700E+00    1059                                
      36   6   4  311    6  -.380380E+00    1200                                
      37   6   4  320    4  -.370982E+00     998                                
      38   6   4  100    6  -.361383E+00    1199                                
      39   6   4  340    1  -.361291E+00       0                                
      40   6   4  140    1  -.361290E+00       0                                
      41   6   4  120    5  -.359462E+00    1109                                
      42   6   4  331    3  -.355534E+00    1205                                
      43   6   4  111    6  -.351325E+00    1399                                
      44   6   4  131    3  -.338045E+00    1312                                
      45   6   4  300    5  -.285686E+00     756                                
      46   6   4  100    7  -.276984E+00     915                                
      47   6   4  311    7  -.265544E+00     827                                
      48   6   4  111    7  -.264911E+00     919                                
      49   6   4  320    5  -.256299E+00     911                                
      50   6   4  340    2  -.250991E+00       0                                
      51   6   4  140    2  -.250990E+00       0                                
      52   6   4  120    6  -.250037E+00     957                                
      53   6   4  331    4  -.249400E+00     933                                
      54   6   4  131    4  -.246668E+00    1007                                
      55   6   4  300    6  -.205974E+00     730                                
      56   6   4  100    8  -.202130E+00     832                                
      57   6   4  111    8  -.194177E+00     913                                
      58   6   4  311    8  -.193593E+00     693                                
      59   6   4  320    6  -.187618E+00     790                                
      60   6   4  340    3  -.184425E+00       0                                
      61   6   4  140    3  -.184424E+00       0                                
      62   6   4  120    7  -.183800E+00     841                                
      63   6   4  331    5  -.183737E+00     762                                
      64   6   4  131    5  -.182856E+00     834                                
      65   6   4  300    7  -.155485E+00     674                                
      66   6   4  100    9  -.153289E+00     764                                
      67   6   4  111    9  -.148372E+00     861                                
      68   6   4  311    9  -.147304E+00     660                                
      69   6   4  320    7  -.143258E+00     742                                
      70   6   4  140    4  -.141209E+00       0                                
      71   6   4  340    4  -.141209E+00       0                                
      72   6   4  331    6  -.140852E+00     734                                
      73   6   4  120    8  -.140757E+00     794                                
      74   6   4  131    6  -.140497E+00     795                                
      75   6   4  300    8  -.121522E+00     660                                
      76   6   4  100   10  -.120118E+00     677                                
      77   6   4  111   10  -.117248E+00     857                                
      78   6   4  311   10  -.115830E+00     652                                
      79   6   4  320    8  -.112956E+00     719                                
      80   6   4  340    5  -.111576E+00       0                                
      81   6   4  140    5  -.111575E+00       0                                
      82   6   4  331    7  -.111374E+00     686                                
      83   6   4  120    9  -.111229E+00     776                                
      84   6   4  131    7  -.111220E+00     762                                
      85   6   4  300    9  -.975890E-01     605                                
      86   6   4  100   11  -.966228E-01     630                                
      87   6   4  111   11  -.953488E-01     835                                
      88   6   4  311   11  -.935104E-01     617                                
      89   6   4  320    9  -.913434E-01       0                                
      90   6   4  340    6  -.903770E-01       0                                
      91   6   4  140    6  -.903761E-01       0                                
      92   6   4  331    8  -.902610E-01       0                                
      93   6   4  131    8  -.901920E-01       0                                
      94   6   4  120   10  -.901018E-01       0                                
      95   6   4  110    2  -.411765E-01       0                                
      96   6   4  310    3  -.101557E-01       0                                
      97   6   4  121    2  0.117679E-02       0                                
      98   6   4  321    2  0.185223E-01       0                                
      99   6   4  130    1  0.220131E-01       0                                
     100   6   4  330    1  0.223975E-01       0                                
     101   6   4  110    3  0.198284E+00       0                                
     102   6   4  310    4  0.212426E+00       0                                
     103   6   4  121    3  0.218622E+00       0                                
     104   6   4  321    3  0.226958E+00       0                                
     105   6   4  130    2  0.228715E+00       0                                
     106   6   4  330    2  0.228962E+00       0                                
     107   6   4  110    4  0.323314E+00       0                                
     108   6   4  310    5  0.330982E+00       0                                
     109   6   4  121    4  0.334667E+00       0                                
     110   6   4  321    4  0.339318E+00       0                                
     111   6   4  130    3  0.340332E+00       0                                
     112   6   4  330    3  0.340486E+00       0                                
     113   6   4  110    5  0.397011E+00       0                                
     114   6   4  310    6  0.401643E+00       0                                
     115   6   4  121    5  0.404000E+00       0                                
     116   6   4  321    5  0.406861E+00       0                                
     117   6   4  130    4  0.407510E+00       0                                
     118   6   4  330    4  0.407609E+00       0                                
     119   6   4  110    6  0.444102E+00       0                                
     120   6   4  310    7  0.447119E+00       0                                
     121   6   4  121    6  0.448714E+00       0                                
     122   6   4  321    6  0.450599E+00       0                                
     123   6   4  130    5  0.451039E+00       0                                
     124   6   4  330    5  0.451106E+00       0                                
     125   6   4  110    7  0.476020E+00       0                                
     126   6   4  310    8  0.478097E+00       0                                
     127   6   4  121    7  0.479223E+00       0                                
     128   6   4  321    7  0.480533E+00       0                                
     129   6   4  130    6  0.480843E+00       0                                
     130   6   4  330    6  0.480891E+00       0                                
     131   6   4  110    8  0.498651E+00       0                                
     132   6   4  310    9  0.500143E+00       0                                
     133   6   4  121    8  0.500966E+00       0                                
     134   6   4  321    8  0.501913E+00       0                                
     135   6   4  130    7  0.502140E+00       0                                
     136   6   4  330    7  0.502176E+00       0                                
