NPMAX  :        66
NPIC   :        53
       1   6   2  100    1 -0.287756E+02      61
       2   6   2  300    1 -0.684123E+01      62
       3   6   2  311    1 -0.644318E+01      61
       4   6   2  100    2 -0.643653E+01      62
       5   6   2  111    1 -0.618527E+01      60
       6   6   2  300    2 -0.294079E+01      64
       7   6   2  100    3 -0.283358E+01      64
       8   6   2  311    2 -0.283309E+01      62
       9   6   2  320    1 -0.278014E+01      60
      10   6   2  120    1 -0.277808E+01      60
      11   6   2  111    2 -0.276025E+01      61
      12   6   2  300    3 -0.162945E+01      65
      13   6   2  100    4 -0.158609E+01      65
      14   6   2  311    3 -0.158560E+01      63
      15   6   2  320    2 -0.156373E+01      61
      16   6   2  120    2 -0.156259E+01      61
      17   6   2  111    3 -0.155546E+01      62
      18   6   2  300    4 -0.103381E+01      66
      19   6   2  100    5 -0.101210E+01      65
      20   6   2  311    4 -0.101179E+01      63
      21   6   2  320    3 -0.100070E+01      62
      22   6   2  120    3 -0.100006E+01      62
      23   6   2  111    4 -0.996497E+00      63
      24   6   2  300    5 -0.713860E+00      65
      25   6   2  100    6 -0.701450E+00      66
      26   6   2  311    5 -0.701241E+00      64
      27   6   2  320    4 -0.694856E+00      62
      28   6   2  120    4 -0.694469E+00      62
      29   6   2  111    5 -0.692441E+00      63
      30   6   2  300    6 -0.522370E+00      65
      31   6   2  100    7 -0.514613E+00      65
      32   6   2  311    6 -0.514472E+00      63
      33   6   2  320    5 -0.510466E+00      62
      34   6   2  120    5 -0.510216E+00      62
      35   6   2  111    6 -0.508949E+00      64
      36   6   2  300    7 -0.398746E+00      64
      37   6   2  100    8 -0.393577E+00      64
      38   6   2  311    7 -0.393478E+00      63
      39   6   2  320    6 -0.390803E+00      63
      40   6   2  120    6 -0.390632E+00      63
      41   6   2  111    7 -0.389787E+00      64
      42   6   2  300    8 -0.314331E+00      66
      43   6   2  100    9 -0.310715E+00      66
      44   6   2  311    8 -0.310643E+00      65
      45   6   2  320    7 -0.308768E+00      63
      46   6   2  120    7 -0.308647E+00      63
      47   6   2  111    8 -0.308055E+00      64
      48   6   2  300    9 -0.254139E+00      66
      49   6   2  100   10 -0.251510E+00      66
      50   6   2  311    9 -0.251457E+00      65
      51   6   2  320    8 -0.250093E+00      63
      52   6   2  120    8 -0.250004E+00      63
      53   6   2  111    9 -0.249573E+00      65
