NPMAX  :      1805
NPIC   :       105
       1   8   6  310    1  -.403665E+01     709                                
       2   8   6  120    1  -.384744E+01     631                                
       3   8   6  100    1  -.362565E+01     499                                
       4   8   6  501    1  -.350770E+01     202                                
       5   8   6  321    1  -.294463E+01    1094                                
       6   8   6  311    1  -.273082E+01    1237                                
       7   8   6  121    1  -.231242E+01    1177                                
       8   8   6  301    1  -.221552E+01    1188                                
       9   8   6  111    1  -.208720E+01    1449                                
      10   8   6  311    2  -.159644E+01     805                                
      11   8   6  111    2  -.154188E+01     968                                
      12   8   6  310    2  -.144359E+01    1775                                
      13   8   6  110    1  -.138387E+01     539                                
      14   8   6  320    1  -.135487E+01     540                                
      15   8   6  300    1  -.132184E+01     426                                
      16   8   6  120    2  -.130711E+01    1789                                
      17   8   6  310    3  -.129816E+01     907                                
      18   8   6  120    3  -.123841E+01     727                                
      19   8   6  100    2  -.116886E+01     539                                
      20   8   6  331    1  -.107575E+01     637                                
      21   8   6  121    2  -.107543E+01     895                                
      22   8   6  321    2  -.105116E+01     894                                
      23   8   6  311    3  -.103000E+01     847                                
      24   8   6  131    1  -.100841E+01     734                                
      25   8   6  111    3  -.996638E+00     962                                
      26   8   6  510    1  -.965661E+00       0                                
      27   8   6  100    3  -.876307E+00    1805                                
      28   8   6  310    4  -.856921E+00    1191                                
      29   8   6  311    4  -.785568E+00     956                                
      30   8   6  111    4  -.768938E+00     793                                
      31   8   6  301    2  -.743939E+00    1014                                
      32   8   6  521    1  -.720834E+00     159                                
      33   8   6  110    2  -.704937E+00     724                                
      34   8   6  320    2  -.697645E+00     709                                
      35   8   6  511    1  -.692889E+00     117                                
      36   8   6  300    2  -.687190E+00     643                                
      37   8   6  310    5  -.661521E+00     837                                
      38   8   6  120    4  -.657341E+00     700                                
      39   8   6  321    3  -.635414E+00     973                                
      40   8   6  100    4  -.629693E+00     657                                
      41   8   6  501    2  -.628030E+00     169                                
      42   8   6  331    2  -.597691E+00     665                                
      43   8   6  311    5  -.596343E+00     938                                
      44   8   6  121    3  -.595952E+00     847                                
      45   8   6  321    4  -.581042E+00     971                                
      46   8   6  311    6  -.572863E+00     974                                
      47   8   6  130    1  -.568635E+00     692                                
      48   8   6  330    1  -.568357E+00     748                                
      49   8   6  131    2  -.567372E+00     739                                
      50   8   6  340    1  -.564325E+00     610                                
      51   8   6  111    5  -.563790E+00     937                                
      52   8   6  140    1  -.563163E+00     588                                
      53   8   6  320    3  -.562706E+00     835                                
      54   8   6  120    5  -.562080E+00     801                                
      55   8   6  311    7  -.466554E+00    1006                                
      56   8   6  111    6  -.459993E+00     836                                
      57   8   6  530    1  -.457154E+00     119                                
      58   8   6  320    4  -.439770E+00     912                                
      59   8   6  110    3  -.429483E+00     742                                
      60   8   6  520    1  -.424855E+00     139                                
      61   8   6  300    3  -.421225E+00     653                                
      62   8   6  510    2  -.419419E+00       0                                
      63   8   6  310    6  -.412962E+00     884                                
      64   8   6  120    6  -.411352E+00     806                                
      65   8   6  310    7  -.401939E+00    1365                                
      66   8   6  320    5  -.401011E+00    1029                                
      67   8   6  100    5  -.393482E+00     602                                
      68   8   6  330    2  -.391739E+00    1002                                
      69   8   6  331    3  -.378410E+00     651                                
      70   8   6  121    4  -.377850E+00     807                                
      71   8   6  321    5  -.370921E+00     890                                
      72   8   6  311    8  -.369319E+00     881                                
      73   8   6  130    2  -.363969E+00     679                                
      74   8   6  330    3  -.363657E+00     797                                
      75   8   6  131    3  -.363011E+00     713                                
      76   8   6  340    2  -.361618E+00     635                                
      77   8   6  111    7  -.361128E+00     976                                
      78   8   6  320    6  -.360637E+00     827                                
      79   8   6  140    2  -.360599E+00     592                                
      80   8   6  141    1  -.360367E+00     604                                
      81   8   6  341    1  -.360365E+00     600                                
      82   8   6  120    7  -.360142E+00     885                                
      83   8   6  351    1  -.360009E+00     520                                
      84   8   6  151    1  -.360000E+00     527                                
      85   8   6  331    4  -.359929E+00     727                                
      86   8   6  131    4  -.359898E+00     741                                
      87   8   6  320    7  -.349366E+00    1131                                
      88   8   6  120    8  -.338389E+00    1265                                
      89   8   6  311    9  -.309855E+00    1083                                
      90   8   6  111    8  -.305899E+00     878                                
      91   8   6  110    4  -.289191E+00     849                                
      92   8   6  300    4  -.284782E+00     723                                
      93   8   6  320    8  -.284611E+00     853                                
      94   8   6  310    8  -.280913E+00     860                                
      95   8   6  120    9  -.272680E+00     831                                
      96   8   6  100    6  -.269132E+00     636                                
      97   8   6  121    5  -.260779E+00     809                                
      98   8   6  331    5  -.260745E+00     647                                
      99   8   6  321    6  -.256493E+00     868                                
     100   8   6  311   10  -.255663E+00     845                                
     101   8   6  130    3  -.252558E+00     697                                
     102   8   6  330    4  -.252388E+00     743                                
     103   8   6  131    5  -.252086E+00     705                                
     104   8   6  340    3  -.251248E+00     637                                
     105   8   6  111    9  -.250823E+00     955                                
