TEFF     LOGG    LOGQ     YHE       QINF         Q0         GAMMA     MAX. FLUXERROR
 9500    0.9    -14.00    0.10      0.83         0.70        1.02         %
 9500    3.0    -14.00    0.10      1.09         0.69        0.83         %
10000    1.2    -14.00    0.10      0.78         0.48        5.95         %
10000    1.4    -14.00    0.10      0.76         0.46        4.46         %
10000    1.6    -14.00    0.10      0.84         0.48        3.16         %
12000    1.5    -14.00    0.10      0.70         0.42       10.2          %
12000    1.7    -14.00    0.10      0.74         0.42        7.54         %
12000    2.0    -14.00    0.10      0.74         0.42        8.08         %
14000    1.7    -14.00    0.10      0.61         0.38       11.4          %
14000    2.0    -14.00    0.10      0.61         0.38       13.5          %
14000    2.2    -14.00    0.10      0.65         0.38        9.4          %
16000    1.9    -14.00    0.10      0.62         0.33       10.67         %
16000    2.0    -14.00    0.10      0.58         0.34       11.1          %
16000    2.2    -14.00    0.10      0.62         0.34        9.79         %
16000    3.0    -14.00    0.10      0.99         0.39       1.58    
16500    2.15   -14.00    0.10      0.73         0.36       14.00     2.0 % maup
17000    1.90   -14.00    0.15      0.80         0.36       10.00     1.5 % maup
17000    1.90   -14.00    0.20      0.80         0.36       10.00     1.5 % maup
17000    1.90   -14.00    0.35      0.80         0.36       10.00     2.5 % maup
17000    2.10   -14.00    0.10      0.80         0.36       10.00     3.2 % maup
17000    2.10   -14.00    0.15      0.80         0.36       10.00     4.1 % maup
17000    2.10   -14.00    0.20      0.75         0.36       10.00     1.0 % maup
17000    2.30   -14.00    0.10      0.73         0.36       14.00     3.5 % maup
18000    2.00   -14.00    0.10      0.80         0.36       10.00     5.0 % maup
18000    2.1    -14.00    0.10      0.64         0.32        9.35         %
18000    2.20   -14.00    0.20      0.73         0.36       14.00     2.5 % maup
18000    2.20   -14.00    0.10      0.73         0.36       14.00     3.0 % maup
19000    2.40   -14.00    0.10      0.74         0.35       13.00     1.5 % maup
18000    2.5    -14.00    0.10      0.58         0.32       11.8         %
20000    2.20   -14.00    0.10      0.73         0.36       14.00     3.4 %
20000    2.25   -14.00    0.10      0.73         0.36       14.00     3.4 %
20000    2.25   -14.00    0.50      0.73         0.36       14.00     3.0 % maup
20000    2.35   -14.00    0.20      0.74         0.35       13.00     2.0 % maup
20000    2.5    -14.00    0.10      0.74         0.35       13.00     3.0 %
20000    2.7    -14.00    0.10      0.74         0.34        3.66     2.2 %
20000    2.9    -14.00    0.10      0.79         0.34        2.50         %
20000    3.0    -14.00    0.10      0.79         0.34        2.10     3.1 %
20000    3.2    -14.00    0.10      0.85         0.32        1.35     5.6 %
20500    2.47   -14.00    0.10      0.74         0.35       13.00     1.0 % maup
21000    2.40   -14.00    0.20      0.87         0.38        3.79     4.0 % maup
21000    2.50   -14.00    0.10      0.74         0.35       13.00     2.0 % maup
21000    2.50   -14.00    0.13      0.74         0.35       13.00     2.2 % maup
22000    2.55   -14.00    0.20      0.89         0.38        3.79     3.0 % maup
22000    2.65   -14.00    0.10      0.80         0.35        3.34     2.9 % maup
22100    2.65   -14.00    0.20      0.70         0.25       15.00     5.0 % maup
22100    2.68   -14.00    0.30      0.70         0.35        4.00     2.2 % maup (MAD)
22500    2.5    -14.00    0.10      0.89         0.38        3.79     1.4 %
22500    2.7    -14.00    0.10      0.85         0.37        3.34     3.1 %
22500    3.0    -14.00    0.10      0.80         0.35        4.36     3.6 %
22500    3.2    -14.00    0.10      0.80         0.35        4.40     3.6 %
22500    3.5    -14.00    0.10      0.80         0.35        4.44         %
23000    2.50   -14.00    0.10      0.95         0.40        3.20     1.0 % maup
23000    2.60   -14.00    0.10      0.80         0.38        3.20     3.0 % maup
23000    2.67   -14.00    0.10      0.80         0.38        3.20     2.4 % maup
23000    2.70   -14.00    0.10      0.80         0.38        3.20     2.3 % maup
23500	 2.65   -14.00    0.08      0.75         0.38        3.80     3.5 % maup
23500	 2.65   -14.00    0.10      0.75         0.38        3.80     3.6 % maup
23500	 2.70   -14.00    0.08      0.75         0.38        3.80     2.7 % maup
23500    2.70   -14.00    0.10      0.78         0.38        3.75     2.3 % maup
23700    2.65   -14.00    0.08      0.80         0.38        3.20     2.4 % maup
24000	 2.55   -14.00    0.10      1.00         0.40        3.20     2.0 % maup
24000    2.60   -14.00    0.10      0.90         0.38        3.20     1.7 % maup
24000    2.65   -14.00    0.08      0.80         0.38        3.20     2.3 % maup
24000	 2.73   -14.00    0.10      0.85         0.38        3.20     2.9 % maup
24000	 2.75   -14.00    0.10      0.85         0.38        3.20     2.3 % maup
24500    2.65   -14.00    0.10      0.90         0.38        3.20     1.0 % maup
24500	 2.75   -14.00    0.10      0.83         0.38        3.20     1.4 % maup
25000    2.68   -14.00    0.10      0.90         0.38        3.20     3.0 % maup
25000    2.7    -14.00    0.10      0.90         0.38        3.20     3.1 %
25000    2.75   -14.00    0.10      0.90         0.38        3.20     3.2 % maup
25000    2.78   -14.00    0.10      0.90         0.38        3.10     0.7 % maup
25000    3.0    -14.00    0.10      0.90         0.38        2.67     3.5 %
25000    3.2    -14.00    0.10      0.90         0.38        1.50     3.9 %
25000    3.5    -14.00    0.10      0.90         0.38        1.00     4.9 %
25000    3.7    -14.00    0.10      0.90         0.38        1.00     4.9 %
25200    2.77   -14.00    0.10      0.90         0.38        3.10     1.7 % maup
25250    2.65   -14.00    0.10      1.10         0.38        2.50     3.0 % maup
25500    2.75   -14.00    0.10      0.90         0.38        3.10     1.2 % maup
25500    2.77   -14.00    0.08      0.90         0.38        3.10     0.6 % maup
25500    2.77   -14.00    0.10      0.90         0.38        3.10     1.0 % maup
25500    2.77   -14.00    0.13      0.90         0.38        3.10     1.0 % maup
26000    2.63   -14.00    0.10      1.10         0.45        3.00     4.9 % maup
26000    2.79   -14.00    0.10      0.90         0.38        3.10     1.1 % maup
26000    2.83   -14.00    0.10      1.02         0.36        3.13     4.0 %
27000    2.7    -14.00    0.10      1.03         0.49        3.20     4.5 %
27000    2.80   -14.00    0.10      0.90         0.38        3.10     2.5 % maup
27000    2.9    -14.00    0.10      0.97         0.36        3.20     1.0 % maup
27000    3.0    -14.00    0.10      0.87         0.36        3.30     2.9 % maup
27500    2.7    -14.00    0.10      1.03         0.49       11.00     5.8 %
27500    2.95   -14.00    0.10      0.97         0.36        3.20     2.1 % maup
27500    3.0    -14.00    0.10      0.97         0.36        3.20     2.1 % maup27500    3.0    -14.00    0.10      1.02         0.36        3.13     4.0 %
27500    3.2    -14.00    0.10      0.95         0.39        3.15     3.7 %
27500    3.5    -14.00    0.10      1.18         0.35        1.31     5.3 %
27500    3.7    -14.00    0.10      1.10         0.36        1.71     4.6 %   
28500    3.1    -14.00    0.10      0.97         0.36        3.20     2.7 % maup
30000    3.0    -14.00    0.10      0.93         0.44       10.42     2.5 %
30000    3.2    -14.00    0.10      0.94         0.44        5.26     1.8 %
30000    3.5    -14.00    0.10      1.00         0.42        3.40     3.9 %
30000    3.7    -14.00    0.10      1.16         0.40        1.50     2.9 %
30000    3.9    -14.00    0.10      1.20         0.38        1.35   
30000    4.0    -14.00    0.10      1.22         0.37        1.30     2.8 %
30000    4.5    -14.00    0.10      1.55         0.42        1.03         % from Kurucz
31000    3.9    -14.00    0.10      1.22         0.37        1.30    
31500    4.0    -14.00    0.10      1.17         0.43        1.70    
32000    4.1    -14.00    0.10      1.17         0.43        1.70   
32500    3.0    -14.00    0.10      0.86         0.46       11.50     3.7 %
32500    3.2    -14.00    0.10      0.91         0.46        8.92     2.3 %
32500    3.5    -14.00    0.10      0.98         0.46        3.50     1.8 %
32500    3.7    -14.00    0.10      1.06         0.45        2.30     1.0 %
32500    3.9    -14.00    0.10      1.06         0.45        2.30     1.0 % maup      
32500    4.0    -14.00    0.10      1.17         0.43        1.70     1.8 %
34500    3.95   -14.00    0.10      1.10         0.45        2.30     0.5 % maup
35000    3.2    -14.00    0.10      0.85         0.41       11.50     2.5 %
35000    3.5    -14.00    0.10      0.85         0.43       11.43     1.0 %
35000    3.7    -14.00    0.10      0.95         0.48        4.40     1.8 %
35000    4.0    -14.00    0.10      1.05         0.47        2.70     1.5 %
35000    4.2    -14.00    0.10      1.05         0.47        2.70     1.5 %
35000    4.5    -14.00    0.10      1.20         0.29        3.00     3.0 %
37500    3.5    -14.00    0.10      0.86         0.44        7.00     2.6 %
37500    3.7    -14.00    0.10      0.86         0.46        4.50     1.4 %
37500    4.0    -14.00    0.10      0.95         0.49        4.10     2.1 %
37500    4.2    -14.00    0.10      1.09         0.50        3.20     1.9 %
37500    4.5    -14.00    0.10      1.09         0.50        3.20     1.9 %
38000    3.4    -14.00    0.10      0.85         0.43        8.10     artemio
38000    3.5    -14.00    0.10      0.85         0.43        8.10     artemio
39000    3.5    -14.00    0.10      0.83         0.42       10.33     artemio
39000    3.9    -14.00    0.10      0.86         0.45        8.36     artemio
39000    4.0    -14.00    0.10      0.87         0.46        7.24     artemio40000    3.5    -14.00    0.10      0.81         0.40       12.55     1.6 %
40000    3.5    -14.00    0.10      0.80         0.41       12.34     0.8 %
40000    3.7    -14.00    0.10      0.80         0.41       12.34     0.8 %
40000    3.8    -14.00    0.10      0.81         0.42       11.47     artemio
40000    3.9    -14.00    0.10      0.82         0.43       10.60     artemio
40000    4.0    -14.00    0.10      0.83         0.44        9.72     1.2 %
40000    4.2    -14.00    0.10      0.83         0.44        9.72     1.2 %
40000    4.5    -14.00    0.10      0.95         0.48        5.69     2.4 %
42000    3.8    -14.00    0.15      0.82         0.42        8.50     artemio (2.5%)
42500    3.5    -14.00    0.10      0.80         0.38       12.00     2.2 %
42500    3.7    -14.00    0.10      0.82         0.42        9.35     1.6 %
42500    4.0    -14.00    0.10      0.84         0.46        6.95     2.3 %
42500    4.2    -14.00    0.10      0.84         0.46        6.95     2.3 %
42500    4.5    -14.00    0.10      0.93         0.49        2.70     2.2 %
44000    3.7    -14.00    0.15      0.79         0.39       11.50     artemio
44000    3.8    -14.00    0.15      0.74         0.40       12.35     artemio
45000    3.5    -14.00    0.10      0.88         0.36       11.50     1.6 %
45000    3.7    -14.00    0.10      0.77         0.38       13.19     1.7 %
45000    4.0    -14.00    0.10      0.76         0.40       12.41     1.3 %
45000    4.2    -14.00    0.10      0.76         0.40       12.41     1.3 %
45000    4.5    -14.00    0.10      0.82         0.45        8.64     1.6 %
47500    3.7    -14.00    0.10      0.79         0.38       13.50     2.1 %
47500    4.0    -14.00    0.10      0.81         0.40       11.86     1.9 %
47500    4.2    -14.00    0.10      0.81         0.40       11.86     1.9 %
47500    4.5    -14.00    0.10      0.83         0.46        5.70     2.4 %
50000    4.0    -14.00    0.10      0.74         0.37       13.63     1.7 %
50000    4.2    -14.00    0.10      0.74         0.37       13.63     1.7 %
50000    4.5    -14.00    0.10      0.79         0.43       12.47     2.2 %
27500    2.7    -11.40    0.10      0.80     0.43   11.00   4.9
27500    3.0    -11.40    0.10      0.70     0.30    3.13   4.4
27500    3.5    -12.10    0.10      0.85     0.29    1.31   4.4
27500    3.5    -11.75    0.10      0.80     0.27    1.31   3.8
27500    3.5    -11.40    0.10      0.75     0.25    1.31   3.1
27500    3.7    -12.10    0.10      0.90     0.34    1.71   5.4
27500    3.7    -11.75    0.10      0.85     0.32    1.71   5.1
27500    3.7    -11.40    0.10      0.80     0.30    1.71   3.3
30000    3.5    -11.75    0.10      0.75     0.38    3.40   4.7
30000    3.5    -11.40    0.10      0.70     0.36    3.40   2.3
30000    3.7    -11.75    0.10      0.85     0.36    1.50   4.7
30000    3.7    -11.40    0.10      0.80     0.34    1.50   3.4
30000    4.0    -11.75    0.10      0.95     0.34    1.30   4.8
30000    4.0    -11.40    0.10      0.90     0.32    1.30   4.5
32500    3.5    -11.40    0.10      0.80     0.42    3.50   1.9
32500    4.0    -11.40    0.10      1.00     0.39    1.70   2.8
35000    3.7    -11.40    0.10      0.75     0.44    4.40   1.9
35000    4.0    -11.40    0.10      0.85     0.43    2.70   3.4
35000    4.5    -11.75    0.10      1.05     0.27    3.00   4.5
35000    4.5    -11.40    0.10      1.00     0.25    3.00   5.3
37500    4.5    -11.75    0.10      0.95     0.48    3.20   2.9
37500    4.5    -11.40    0.10      0.90     0.46    3.20   3.0
