 TEFF    LOG G    LOG Q    YHE    QINF    Q0    GAMMA 
 8500    0.70    -14.00    0.10    0.61   .410   3.00         
 8500    0.80    -14.00    0.10    0.70   .430   3.00   empirical from unif. model < 1.0%
 8500    1.00    -14.00    0.10    0.80   .440   3.00         
 8500    1.25    -14.00    0.10    0.85   .440   3.00         
 8500    0.70    -14.00    0.20    0.69   .430   3.00 
 8750    0.80    -14.00    0.10    0.60   .400   3.00         emp. from unif. model < 2 %
 9000    0.80    -14.00    0.10    0.54   .370   3.00         
 9000    1.00    -14.00    0.10    0.67   .410   3.00         
 9000    1.25    -14.00    0.10    0.75   .430   3.00         
 9000    0.80    -14.00    0.20    0.61   .430   3.00         
 9500    0.90    -14.00    0.10    0.52   .370   3.00         
 9500    1.20    -14.00    0.10    0.67   .410   3.00    from 1.25       
 9500    1.25    -14.00    0.10    0.67   .410   3.00         
 9500    1.50    -14.00    0.10    0.70   .420   3.00         
 9500    0.90    -14.00    0.20    0.57   .380   3.00         
10000    1.00    -14.00    0.10    0.50   .360   3.00         
10000    1.25    -14.00    0.10    0.61   .380   3.00         
10000    1.50    -14.00    0.10    0.66   .400   3.00         
10000    1.00    -14.00    0.20    0.58   .370   3.00         
19000    2.10    -14.00    0.10    0.67   .270   0.38   extrapol. de 2.20
19000    2.20    -14.00    0.10    0.67   .270   0.39
20000    2.10    -14.00    0.10    0.73   .275   0.49   extrapol. de 19000, 2.20
20000    2.20    -14.00    0.10    0.73   .275   0.50   extrapol. de 19000
20000    2.25    -14.00    0.10    0.73   .275   0.50   extrapol. de 19000
20000    2.50    -14.00    0.10    0.75   .250   0.70    GERATEN
20000    2.70    -14.00    0.10    0.75   .250   0.70    GERATEN
20000    3.0     -14.00    0.10    0.75   .250   0.70    GERATEN
20000    3.2     -14.00    0.10    0.76   .24    0.7     geraten
22500    2.50    -14.00    0.10    0.85   .275   0.65         
22500    2.70    -14.00    0.10    0.85   .275   0.65    GERATEN
22500    2.75    -14.00    0.10    0.85   .275   0.65         
22500    3.00    -14.00    0.10    0.85   .275   0.70         
22500    3.20    -14.00    0.10    0.85   .275   0.70    GERATEN
25000    2.50    -14.00    0.10    1.00   .300   0.40         
25000    2.70    -14.00    0.10    1.00   .300   0.60    GERATEN
25000    2.75    -14.00    0.10    1.00   .300   0.60         
25000    3.00    -14.00    0.10    1.00   .300   0.80         
25000    3.20    -14.00    0.10    1.00   .300   0.80    GERATEN
25000    3.50    -14.00    0.10    1.00   .300   0.80    GERATEN
27500    2.70    -14.00    0.10    1.05   .325   0.55    GERATEN
27500    2.75    -14.00    0.10    1.05   .325   0.55
27500    3.00    -14.00    0.10    1.05   .325   .725        
27500    3.20    -14.00    0.10    1.05   .325   .725    GERATEN
27500    3.50    -14.00    0.10    1.05   .325   .725    GERATEN
27500    3.70    -14.00    0.10    1.05   .325   .725    GERATEN
30000    3.00    -14.00    0.10    0.67   0.37   2.00           0.5%
30000    3.20    -14.00    0.10    0.78   0.35   2.00           1.0%
30000    3.50    -14.00    0.10    0.95   0.30   2.00           1.0%
30000    3.70    -14.00    0.10    1.05   0.30   2.00           1.0%
30000    4.00    -14.00    0.10    1.15   0.27   2.00           1.0% 
30000    3.00    -14.00    0.20    0.75   0.34   2.00           1.0% 
30500	 3.00	 -14.00    0.14	   0.58   0.49   0.60   TOMADOS DE 31500, 3.00, 0.14
31500	 3.00	 -14.00    0.14	   0.58   0.49   0.60   
32500    3.00    -14.00    0.10    0.42   0.52   2.00           0.5%
32500    3.20    -14.00    0.10    0.65   0.45   2.00           0.5%
32500    3.50    -14.00    0.10    0.90   0.37   2.00           0.7%
32500    3.70    -14.00    0.10    1.05   0.35   2.00           1.0%
32500    4.00    -14.00    0.10    1.15   0.33   2.00           0.5%
32500    3.00    -14.00    0.20    0.60   0.50   2.00           0.5%
32500    3.20    -14.00    0.20    0.78   0.42   2.00           0.5%
32500    3.50    -14.00    0.20    0.98   0.34   2.00      
32500    3.70    -14.00    0.20    1.05   0.34   2.00           0.5%
35000    3.20    -14.00    0.10    0.45   0.49   2.00           0.5%
35000    3.50    -14.00    0.10    0.75   0.47   2.00           0.5%
35000    3.70    -14.00    0.10    0.85   0.44   2.00           0.5%
35000    4.00    -14.00    0.10    1.00   0.40   2.00
35000    4.5     -14.00    0.10    1.1    0.39   2.      geraten
35000    3.20    -14.00    0.20    0.60   0.51   2.00           0.5%
35000    3.50    -14.00    0.20    0.80   0.47   2.00           0.5%
35000    3.70    -14.00    0.20    0.95   0.44   2.00           0.5%
37000    3.45    -14.00    0.33    0.60   0.50   2.00      copy from 3.50
37000    3.50    -14.00    0.33    0.60   0.50   2.00           2.5%
37500    3.50    -14.00    0.10    0.57   0.48   2.00           0.5%
37500    3.70    -14.00    0.10    0.70   0.48   2.00           0.5%
37500    4.00    -14.00    0.10    0.87   0.47   2.00           0.5%
37500    4.50    -14.00    0.10    1.12   0.45   2.00           1.0%
37500    3.20    -14.00    0.20    0.40   0.47   2.00           0.5%
37500    3.50    -14.00    0.20    0.65   0.50   2.00           0.5%
37500    3.70    -14.00    0.20    0.75   0.50   2.00      
38000    3.45    -14.00    0.33    0.60   0.50   2.00       copy from 3.50
38000    3.50    -14.00    0.33    0.60   0.50   2.00           1.7%
39000    3.45    -14.00    0.33    0.39   0.44   0.00         bad! 4.2%
40000    3.50    -14.00    0.10    0.47   0.45   2.00           0.5%     
40000    3.60    -14.00    0.10    0.55   0.47   2.00           0.5%
40000    3.70    -14.00    0.10    0.60   0.47   2.00           0.5%
40000    4.00    -14.00    0.10    0.80   0.47   2.00           0.5%
40000    4.50    -14.00    0.10    0.95   0.47   2.00           0.7%
40000    3.30    -14.00    0.20    0.37   0.44   2.00           0.5%
40000    3.50    -14.00    0.20    0.50   0.47   2.00           0.5%
40000    3.70    -14.00    0.20    0.65   0.48   2.00           0.5%
40000    4.00    -14.00    0.20    0.80   0.49   2.00           0.5%
40000    4.50    -14.00    0.20    0.95   0.50   2.00           1.0%
40000    3.65    -14.00    0.25    0.48   0.44   0.00           2.1%
40000    3.45    -14.00    0.33    0.39   0.44   0.00      extrap. de 3.40
40000    3.50    -14.00    0.33    0.42   0.44   0.00      extrap. de 3.40
40000    3.40    -14.00    0.33    0.36   0.44   0.00     
40000    3.45    -14.00    0.33    0.39   0.44   0.00      extrap. de 3.40
40000    3.50    -14.00    0.33    0.42   0.44   0.00      extrap. de 3.40
40000    3.60    -14.00    0.33    0.48   0.44   0.00      extrap. de 3.40
41000    3.65    -14.00    0.18    0.65   0.48   2.00        bad!  6%
41500    3.40    -14.00    0.33    0.18   0.40   0.25        
41500    3.45    -14.00    0.33    0.21   0.40   0.25       extrapol. de 3.40
41500    3.50    -14.00    0.33    0.24   0.40   0.25       extrap. de 3.40
41500    3.55    -14.00    0.33    0.27   0.40   0.25       extrap. de 3.40
41500    3.60    -14.00    0.33    0.30   0.40   0.25       extrap. de 3.40
42000    3.65    -14.00    0.18    0.48   0.43   2.00           1.4%
42000    3.85    -14.00    0.18    0.54   0.44   2.00           1.9%
42000    3.95    -14.00    0.18    0.54   0.44   2.00       copy from 3.85
42500    3.50    -14.00    0.10    0.38   0.42   2.00           0.5%
42500    3.70    -14.00    0.10    0.48   0.43   2.00           0.5%
42500    4.00    -14.00    0.10    0.65   0.45   2.00           0.5%
42500    4.50    -14.00    0.10    0.80   0.47   2.00           0.5%
43000    3.50    -14.00    0.18    0.55   0.42   0.20      extrapol. de 3.60
43000    3.60    -14.00    0.18    0.60   0.42   0.20
44000    3.95    -14.00    0.18    0.67   0.43   0.50           3.7%
45000    3.50    -14.00    0.10    0.24   0.44   2.00           0.5%
45000    3.70    -14.00    0.10    0.45   0.41   2.00           0.5%
45000    4.00    -14.00    0.10    0.53   0.44   2.00           0.5%
45000    4.50    -14.00    0.10    0.70   0.45   2.00           0.5%
45000    3.50    -14.00    0.18    0.10   0.36   0.50
45000    3.60    -14.00    0.18    0.16   0.36   0.50      extrap. de 3.50
45000    3.65    -14.00    0.18    0.35   0.40   0.50           0.6%
45000    3.70    -14.00    0.18    0.22   0.36   0.50      extrap. de 3.50
45000    3.75    -14.00    0.18    0.41   0.40   0.50           0.6%
45000    3.85    -14.00    0.18    0.55   0.43   0.50           1.0%
45000    3.95    -14.00    0.18    0.67   0.43   0.50           0.8%
45000    4.05    -14.00    0.18    0.75   0.44   0.50           0.8%
45000    3.50    -14.00    0.20    0.30   0.40   2.00           0.5%
45000    3.70    -14.00    0.20    0.45   0.41   2.00           0.5%
45000    4.00    -14.00    0.20    0.57   0.43   2.00           0.5%
45000    4.50    -14.00    0.20    0.70   0.45   2.00           0.5%
46000    3.80    -14.00    0.10    0.31   0.38   0.30           3.2% 
46500    3.70    -14.00    0.08    0.25   0.38   0.30
46500    3.80    -14.00    0.08    0.31   0.38   0.30      extrapol. de 3.70
46500    3.85    -14.00    0.08    0.34   0.38   0.30      extrapol. de 3.70
46500    3.90    -14.00    0.08    0.37   0.38   0.30      extrapol. de 3.70
47000    3.75    -14.00    0.18    0.39   0.39   2.00           2.0%
47000    3.95    -14.00    0.18    0.51   0.41   2.00      copy from 47.5,4.,.20   
47500    3.70    -14.00    0.10    0.36   0.38   2.00           0.5%
47500    4.00    -14.00    0.10    0.50   0.42   2.00           0.5%
47500    4.50    -14.00    0.10    0.60   0.42   2.00      from 50.0,4.5
47500    3.70    -14.00    0.20    0.39   0.39   2.00           0.5%
47500    4.00    -14.00    0.20    0.51   0.41   2.00           0.5%    
48000    3.80    -14.00    0.10    0.30   0.38   0.50
48000    3.90    -14.00    0.10    0.36   0.38   0.50      extrap. de 3.80
48000    3.95    -14.00    0.10    0.39   0.38   0.50      extrap. de 3.80
48000    4.00    -14.00    0.10    0.42   0.38   0.50      extrap. de 3.80
48000    3.90    -14.00    0.14    0.36   0.38   0.50      guess, extrap. de 3.80
48500    3.75    -14.00    0.18    0.39   0.39   2.00           1.8%
50000    3.74    -14.00    0.10    0.33   0.40   2.00           1.0%
50000    3.70    -14.00    0.18    0.33   0.40   2.00      copy from 3.75; no hydro
50000    3.71    -14.00    0.18    0.33   0.40   2.00           1.9%
50000    3.71    -14.00    0.25    0.33   0.40   2.00      copy from 3.75
50000    3.72    -14.00    0.18    0.33   0.40   2.00      copy from 3.75
50000    3.75    -14.00    0.18    0.33   0.40   2.00           2.0%
50000    3.80    -14.00    0.18    0.33   0.40   2.00           2.2%
50000    4.00    -14.00    0.10    0.48   0.40   2.00      acc: 0.5%
50000    4.50    -14.00    0.10    0.60   0.41   2.00           0.5%
50000    3.70    -14.00    0.20    0.33   0.35   2.00           0.5%
50000    4.00    -14.00    0.20    0.50   0.38   2.00           0.5%
50000    4.50    -14.00    0.20    0.60   0.40   2.00           0.5%
51000    3.80    -14.00    0.14    0.36   0.40   2.00           2.0%
51000    3.80    -14.00    0.18    0.36   0.40   2.00           2.1%
52500    4.00    -14.00    0.10    0.43   0.37   2.00           0.5%
52500    4.20    -14.00    0.10    0.50   0.38   2.00           0.5%
52500    3.80    -14.00    0.20    0.35   0.35   2.00           0.5%
52500    4.00    -14.00    0.20    0.43   0.37   2.00           0.5%
52500    4.20    -14.00    0.20    0.50   0.38   2.00           0.5%
52500    4.40    -14.00    0.20    0.55   0.38   2.00           0.5%
55000    4.00    -14.00    0.10    0.38   0.35   2.00           0.5%
55000    4.20    -14.00    0.10    0.45   0.38   2.00           0.5%
55000    4.00    -14.00    0.20    0.40   0.35   2.00           0.5%
55000    4.20    -14.00    0.20    0.49   0.35   2.00           0.7%
55000    4.40    -14.00    0.20    0.55   0.35   2.00           0.5%
57500    4.20    -14.00    0.10    0.45   0.35   2.00           0.5%
57500    4.40    -14.00    0.10    0.50   0.36   2.00           0.5%
57500    4.00    -14.00    0.20    0.35   0.32   2.00           0.5%
57500    4.20    -14.00    0.20    0.45   0.34   2.00           0.5%
57500    4.40    -14.00    0.20    0.50   0.35   2.00           0.5%
60000    4.20    -14.00    0.10    0.40   0.35   2.00           0.5%
60000    4.35    -14.00    0.10    0.45   0.35   2.00           0.5%
60000    4.40    -14.00    0.10    0.47   0.35   2.00           0.5%
60000    4.20    -14.00    0.20    0.45   0.33   2.00           0.5%      
60000    4.35    -14.00    0.20    0.50   0.33   2.00           0.5% grav?
75000    4.60    -14.00    0.10    0.45   0.39   2.00           0.5%
80000    4.85    -14.00    0.10    0.55   0.37   2.00           1.0%
