!  Z    N    ETH   ETH   Sigma    S     Zeff      1       2       3       4       5       6
!           (ev)(Kaastra)(1.E-18cm^2)

   6    3    347.  347.  0.850   2.51   5.05   10000       0       0       0       0       0
   6    4    317.  325.  0.930   2.49   4.83       0   10000       0	   0	   0	   0
   6    5    296.  306.  0.997   2.48   4.67      19    9981       0	   0	   0	   0
   6    6    280.  288.  1.060   2.47   4.53      26    9974       0	   0	   0	   0
								    	    	    	    
   7    3    496.  496.  0.595   2.57   6.04   10000       0       0	   0	   0	   0
   7    4    459.  471.  0.643   2.55   5.81       0   10000       0	   0	   0	   0
   7    5    432.  448.  0.683   2.54   5.64      52    9948       0	   0	   0	   0
   7    6    412.  426.  0.717   2.54   5.50      71    9929       0	   0	   0	   0
   7    7    395.  403.  0.747   2.53   5.39      60    9940       0	   0	   0	   0
								    	    	    	    
   8    3    672.  672.  0.439   2.62   7.03   10000       0       0 	   0	   0	   0
   8    4    627.  645.  0.470   2.61   6.79       0   10000       0	   0	   0	   0
   8    5    595.  618.  0.496   2.60   6.62      96    9904       0	   0	   0	   0
   8    6    570.  592.  0.518   2.59   6.47     129    9871       0	   0	   0	   0
   8    7    550.  565.  0.537   2.59   6.36     109    9891       0	   0	   0	   0
   8    8    533.  538.  0.554   2.58   6.26      94    9906       0	   0	   0	   0
								    	    	    	    
  10    3   1100. 1100.  0.267   2.72   9.01   10000       0       0	   0	   0	   0
  10    4   1050. 1074.  0.282   2.71   8.77       0   10000       0	   0	   0	   0
  10    5   1000. 1039.  0.295   2.70   8.58     229    9771       0	   0	   0	   0
  10    6    968. 1005.  0.305   2.69   8.43     312    9688       0	   0	   0	   0
  10    7    940.  971.  0.314   2.69   8.31     268    9732       0	   0	   0	   0
  10    8    916.  937.  0.322   2.68   8.21     232    9768       0	   0	   0	   0
  10    9    896.  903.  0.329   2.68   8.12     204    9796       0	   0	   0	   0
  10   10    878.  870.  0.336   2.67   8.04     182    9818       0	   0	   0	   0
								    	    	    	    
  12    3   1650. 1650.  0.179   2.79   11.0   10000       0       0	   0	   0	   0
  12    4   1570. 1612.  0.188   2.78   10.8       0   10000	   0	   0	   0	   0
  12    5   1520. 1570.  0.194   2.78   10.6     424    9576	   0	   0	   0	   0
  12    6   1470. 1528.  0.200   2.77   10.4     569    9431	   0	   0	   0	   0
  12    7   1440. 1486.  0.205   2.77   10.3     497    9503	   0	   0	   0	   0
  12    8   1410. 1444.  0.210   2.76   10.2     436    9564	   0	   0	   0	   0
  12    9   1380. 1402.  0.213   2.76   10.1     386    9614	   0	   0	   0	   0
  12   10   1360. 1360.  0.217   2.76   10.0     346    9654	   0	   0	   0	   0
  12   11   1340. 1333.  0.220   2.75   9.92     341    6100    3559       0       0       0
  12   12   1320. 1308.  0.223   2.75   9.86       1     544    8645     810       0       0

  14    3   2300. 2300.  0.128   2.86   13.0   10000       0       0       0       0       0
  14    4   2210. 2260.  0.134   2.85   12.7       0   10000	   0	   0	   0	   0
  14    5   2140. 2210.  0.138   2.85   12.6     768    9232	   0	   0	   0	   0
  14    6   2090. 2160.  0.141   2.84   12.4     890    9110	   0	   0	   0	   0
  14    7   2050. 2109.  0.144   2.84   12.3     699    9301	   0	   0	   0	   0
  14    8   2010. 2059.  0.147   2.83   12.2     586    9414	   0	   0	   0	   0
  14    9   1980. 2009.  0.149   2.83   12.1     507    9493	   0	   0	   0	   0
  14   10   1950. 1959.  0.151   2.83   12.0     449    9551	   0	   0	   0	   0
  14   11   1930. 1930.  0.153   2.82   11.9     442    9558       0	   0	   0	   0
  14   12   1910. 1901.  0.155   2.82   11.8       3     775    9222       0       0       0
  14   13   1880. 1872.  0.157   2.82   11.8       7     442    6460    3091       0       0
  14   14   1870. 1844.  0.158   2.82   11.7      12     438     548    8643     359       0

  16    3   3060. 3060.  0.096   2.92   15.0   10000       0       0       0       0       0 
  16    4   2960. 3018.  0.099   2.91   14.8       0   10000	   0	   0	   0	   0
  16    5   2880. 2960.  0.102   2.91   14.6    1446    8554	   0	   0	   0	   0
  16    6   2820. 2902.  0.105   2.90   14.4    1661    8339	   0	   0	   0	   0
  16    7   2770. 2843.  0.106   2.90   14.3    1330    8670	   0	   0	   0	   0
  16    8   2730. 2785.  0.108   2.89   14.2    1127    8873	   0	   0	   0	   0
  16    9   2690. 2726.  0.110   2.89   14.1     984    9016	   0	   0	   0	   0
  16   10   2660. 2668.  0.111   2.89   14.0     875    9125	   0	   0	   0	   0
  16   11   2630. 2636.  0.112   2.89   13.9     859    9141       0	   0	   0	   0
  16   12   2600. 2603.  0.113   2.88   13.8      12    1271    8717       0       0       0
  16   13   2580. 2571.  0.114   2.88   13.8      19     840    9141       0       0       0
  16   14   2560. 2540.  0.115   2.88   13.7      28     824     708    8440       0       0
  16   15   2540. 2508.  0.116   2.88   13.7      36     816     719    5697    2732       0
  16   16   2520. 2476.  0.117   2.88   13.6      46     812     831    5600    2385     326
